Number of comparisons made: 10000
0.0
0.0
0.0
0.0
0.0
0.0
0.0
0.0
0.0
0.0
0.0
0.0
0.0
0.0
0.0
0.0
0.0
0.0
0.0
0.0
0.0
0.0
0.0
0.0
0.0
0.0
0.0
0.0
0.0
0.0
0.0
0.0
0.0
0.0
0.0
0.0
0.0
0.0
0.0
0.0
0.0
0.0
0.0
0.0
0.0
0.0
0.0
0.0
0.0
0.0
0.0
0.0
0.0
0.0
0.02
0.03
0.06
0.06
0.08
0.1
0.13
0.16
0.17
0.18
0.2
0.22
0.23
0.23
0.24
0.26
0.27
0.28
0.32
0.33
0.34
0.35
0.35
0.38
0.43
0.44
0.46
0.49
0.52
0.53
0.54
0.58
0.59
0.59
0.59
0.59
0.6
0.63
0.63
0.65
0.66
0.66
0.67
0.72
0.73
0.74
0.74
0.76
0.77
0.78
0.8
0.81
0.82
0.82
0.83
0.84
0.86
0.88
0.94
0.94
0.98
0.98
0.99
1.0
1.0
1.0
1.0
1.0
1.0
1.0
1.0
1.0
1.0
1.0
1.0
1.0
1.0
1.0
1.0
1.0
1.0
1.0
1.0
1.0
1.0
1.0
1.0
1.0
1.0
1.0
1.0
1.0
1.0
1.0
1.0
1.0
1.0
1.0
1.0
1.0
1.0
1.0
1.0
1.0
1.0
1.0
1.0
1.0
1.0
1.01
1.02
1.04
1.07
1.08
1.11
1.12
1.14
1.19
1.25
1.26
1.3
1.35
1.38
1.39
1.39
1.41
1.43
1.44
1.46
1.5
1.5
1.51
1.54
1.55
1.58
1.59
1.63
1.65
1.67
1.68
1.7
1.71
1.73
1.74
1.77
1.79
1.8
1.83
1.84
1.84
1.85
1.85
1.86
1.87
1.87
1.88
1.92
1.96
1.97
1.99
2.0
2.0
2.0
2.0
2.0
2.0
2.0
2.0
2.0
2.0
2.0
2.0
2.0
2.0
2.0
2.0
2.0
2.0
2.0
2.0
2.0
2.0
2.0
2.0
2.0
2.0
2.0
2.0
2.0
2.0
2.0
2.0
2.0
2.0
2.0
2.0
2.0
2.0
2.0
2.0
2.0
2.0
2.0
2.0
2.0
2.0
2.0
2.0
2.0
2.0
2.0
2.0
2.0
2.0
2.0
2.0
2.0
2.02
2.09
2.1
2.1
2.11
2.13
2.14
2.16
2.2
2.22
2.3
2.32
2.32
2.32
2.33
2.35
2.35
2.35
2.36
2.36
2.37
2.38
2.39
2.39
2.41
2.42
2.43
2.44
2.5
2.55
2.62
2.65
2.69
2.71
2.8
2.81
2.82
2.86
2.86
2.87
2.88
2.9
2.97
2.97
2.99
3.0
3.0
3.0
3.0
3.0
3.0
3.0
3.0
3.0
3.0
3.0
3.0
3.0
3.0
3.0
3.0
3.0
3.0
3.0
3.0
3.0
3.0
3.0
3.0
3.0
3.0
3.0
3.0
3.0
3.0
3.0
3.0
3.0
3.0
3.0
3.0
3.0
3.0
3.0
3.0
3.0
3.0
3.0
3.0
3.0
3.02
3.04
3.05
3.1
3.19
3.22
3.23
3.23
3.23
3.27
3.31
3.37
3.37
3.37
3.38
3.41
3.42
3.43
3.44
3.47
3.48
3.5
3.5
3.52
3.57
3.59
3.61
3.63
3.63
3.67
3.68
3.69
3.73
3.73
3.81
3.87
3.93
3.94
3.94
3.95
3.95
3.96
3.96
4.0
4.0
4.0
4.0
4.0
4.0
4.0
4.0
4.0
4.0
4.0
4.0
4.0
4.0
4.0
4.0
4.0
4.0
4.0
4.0
4.0
4.0
4.0
4.0
4.0
4.0
4.0
4.0
4.0
4.0
4.0
4.0
4.0
4.0
4.0
4.0
4.0
4.0
4.0
4.0
4.0
4.0
4.0
4.0
4.0
4.0
4.0
4.0
4.0
4.0
4.0
4.0
4.0
4.0
4.0
4.0
4.0
4.0
4.06
4.08
4.09
4.1
4.1
4.14
4.16
4.17
4.19
4.22
4.25
4.27
4.3
4.32
4.33
4.39
4.39
4.4
4.43
4.48
4.51
4.52
4.57
4.66
4.71
4.73
4.75
4.78
4.78
4.79
4.82
4.82
4.84
4.85
4.88
4.89
4.91
4.94
5.0
5.0
5.0
5.0
5.0
5.0
5.0
5.0
5.0
5.0
5.0
5.0
5.0
5.0
5.0
5.0
5.0
5.0
5.0
5.0
5.0
5.0
5.0
5.0
5.0
5.0
5.0
5.0
5.0
5.0
5.0
5.0
5.0
5.0
5.0
5.0
5.0
5.0
5.0
5.0
5.0
5.0
5.0
5.0
5.0
5.0
5.0
5.0
5.0
5.0
5.0
5.0
5.0
5.02
5.02
5.04
5.05
5.05
5.05
5.08
5.09
5.12
5.15
5.2
5.2
5.21
5.21
5.22
5.27
5.27
5.29
5.29
5.29
5.3
5.33
5.39
5.41
5.41
5.42
5.48
5.48
5.48
5.49
5.49
5.5
5.53
5.67
5.7
5.7
5.74
5.75
5.75
5.76
5.77
5.78
5.79
5.79
5.82
5.83
5.83
5.85
5.86
5.86
5.87
5.87
5.89
5.89
5.9
5.99
6.0
6.0
6.0
6.0
6.0
6.0
6.0
6.0
6.0
6.0
6.0
6.0
6.0
6.0
6.0
6.0
6.0
6.0
6.0
6.0
6.0
6.0
6.0
6.0
6.0
6.0
6.0
6.0
6.0
6.0
6.0
6.0
6.0
6.0
6.0
6.0
6.0
6.0
6.0
6.0
6.0
6.0
6.0
6.0
6.0
6.0
6.0
6.0
6.0
6.0
6.0
6.0
6.0
6.0
6.0
6.0
6.05
6.07
6.08
6.08
6.08
6.09
6.09
6.17
6.18
6.18
6.21
6.22
6.22
6.23
6.24
6.24
6.26
6.29
6.34
6.38
6.39
6.4
6.4
6.44
6.45
6.46
6.47
6.47
6.48
6.55
6.59
6.59
6.6
6.62
6.62
6.63
6.68
6.69
6.69
6.72
6.75
6.75
6.75
6.76
6.8
6.83
6.83
6.86
6.86
6.87
6.9
7.0
7.0
7.0
7.0
7.0
7.0
7.0
7.0
7.0
7.0
7.0
7.0
7.0
7.0
7.0
7.0
7.0
7.0
7.0
7.0
7.0
7.0
7.0
7.0
7.0
7.0
7.0
7.0
7.0
7.0
7.0
7.0
7.0
7.0
7.0
7.0
7.0
7.0
7.0
7.0
7.0
7.0
7.0
7.0
7.0
7.0
7.0
7.0
7.0
7.0
7.0
7.0
7.0
7.0
7.0
7.0
7.0
7.04
7.07
7.07
7.1
7.15
7.17
7.18
7.2
7.22
7.24
7.32
7.34
7.37
7.38
7.39
7.39
7.41
7.42
7.45
7.46
7.47
7.49
7.49
7.5
7.53
7.53
7.56
7.57
7.58
7.58
7.59
7.61
7.62
7.64
7.69
7.69
7.7
7.71
7.72
7.74
7.77
7.77
7.79
7.87
7.87
7.89
7.92
7.93
7.95
7.95
7.96
7.97
7.98
7.98
7.98
7.98
7.99
8.0
8.0
8.0
8.0
8.0
8.0
8.0
8.0
8.0
8.0
8.0
8.0
8.0
8.0
8.0
8.0
8.0
8.0
8.0
8.0
8.0
8.0
8.0
8.0
8.0
8.0
8.0
8.0
8.0
8.0
8.0
8.0
8.0
8.0
8.0
8.0
8.0
8.0
8.0
8.0
8.0
8.0
8.0
8.0
8.0
8.0
8.0
8.0
8.0
8.0
8.0
8.0
8.0
8.0
8.02
8.02
8.06
8.06
8.07
8.08
8.1
8.1
8.1
8.1
8.11
8.14
8.15
8.15
8.15
8.16
8.16
8.19
8.21
8.22
8.23
8.23
8.23
8.25
8.31
8.31
8.34
8.38
8.42
8.43
8.45
8.47
8.47
8.49
8.5
8.56
8.57
8.58
8.6
8.61
8.63
8.64
8.66
8.67
8.67
8.68
8.73
8.78
8.82
8.82
8.83
8.89
8.89
8.92
8.92
8.92
8.92
8.95
9.0
9.0
9.0
9.0
9.0
9.0
9.0
9.0
9.0
9.0
9.0
9.0
9.0
9.0
9.0
9.0
9.0
9.0
9.0
9.0
9.0
9.0
9.0
9.0
9.0
9.0
9.0
9.0
9.0
9.0
9.0
9.0
9.0
9.0
9.0
9.0
9.0
9.0
9.0
9.0
9.0
9.0
9.0
9.0
9.0
9.0
9.0
9.01
9.03
9.03
9.07
9.08
9.1
9.17
9.17
9.18
9.19
9.21
9.23
9.26
9.26
9.27
9.33
9.33
9.34
9.35
9.35
9.44
9.48
9.5
9.5
9.52
9.56
9.56
9.56
9.58
9.6
9.61
9.64
9.64
9.67
9.68
9.68
9.73
9.73
9.73
9.73
9.74
9.76
9.83
9.83
9.85
9.9
9.92
9.96
9.97
10.0
10.0
10.0
10.0
10.0
10.0
10.0
10.0
10.0
10.0
10.0
10.0
10.0
10.0
10.0
10.0
10.0
10.0
10.0
10.0
10.0
10.0
10.0
10.0
10.0
10.0
10.0
10.0
10.0
10.0
10.0
10.0
10.0
10.0
10.0
10.0
10.0
10.0
10.0
10.0
10.0
10.0
10.0
10.0
10.0
10.0
10.0
10.0
10.0
10.0
10.0
10.0
10.0
10.0
10.0
10.0
10.0
10.02
10.06
10.13
10.14
10.14
10.15
10.19
10.21
10.22
10.23
10.24
10.27
10.28
10.29
10.31
10.32
10.35
10.39
10.4
10.4
10.42
10.46
10.46
10.46
10.47
10.49
10.5
10.56
10.57
10.6
10.63
10.63
10.65
10.67
10.68
10.72
10.73
10.75
10.76
10.8
10.81
10.84
10.87
10.9
10.91
10.95
10.97
10.98
10.99
11.0
11.0
11.0
11.0
11.0
11.0
11.0
11.0
11.0
11.0
11.0
11.0
11.0
11.0
11.0
11.0
11.0
11.0
11.0
11.0
11.0
11.0
11.0
11.0
11.0
11.0
11.0
11.0
11.0
11.0
11.0
11.0
11.0
11.0
11.0
11.0
11.0
11.0
11.0
11.0
11.0
11.0
11.0
11.0
11.0
11.0
11.0
11.0
11.0
11.0
11.0
11.0
11.0
11.0
11.01
11.07
11.09
11.09
11.14
11.16
11.16
11.16
11.17
11.18
11.19
11.21
11.21
11.21
11.26
11.26
11.28
11.29
11.33
11.38
11.38
11.43
11.44
11.49
11.5
11.52
11.53
11.57
11.6
11.62
11.64
11.66
11.67
11.67
11.69
11.69
11.7
11.72
11.72
11.74
11.77
11.78
11.78
11.79
11.81
11.85
11.85
11.87
11.88
11.88
11.93
11.94
11.97
11.97
11.98
11.99
11.99
11.99
11.99
12.0
12.0
12.0
12.0
12.0
12.0
12.0
12.0
12.0
12.0
12.0
12.0
12.0
12.0
12.0
12.0
12.0
12.0
12.0
12.0
12.0
12.0
12.0
12.0
12.0
12.0
12.0
12.0
12.0
12.0
12.0
12.0
12.0
12.0
12.0
12.0
12.0
12.0
12.0
12.0
12.0
12.0
12.0
12.0
12.0
12.0
12.0
12.0
12.0
12.0
12.0
12.0
12.01
12.04
12.04
12.07
12.12
12.13
12.15
12.21
12.22
12.22
12.26
12.27
12.28
12.29
12.32
12.38
12.4
12.4
12.42
12.44
12.46
12.47
12.49
12.51
12.51
12.52
12.55
12.58
12.6
12.62
12.64
12.64
12.65
12.66
12.66
12.69
12.7
12.71
12.72
12.8
12.8
12.82
12.87
12.89
12.95
12.95
12.97
12.98
13.0
13.0
13.0
13.0
13.0
13.0
13.0
13.0
13.0
13.0
13.0
13.0
13.0
13.0
13.0
13.0
13.0
13.0
13.0
13.0
13.0
13.0
13.0
13.0
13.0
13.0
13.0
13.0
13.0
13.0
13.0
13.0
13.0
13.0
13.0
13.0
13.0
13.0
13.0
13.0
13.0
13.0
13.0
13.0
13.0
13.0
13.02
13.07
13.07
13.07
13.09
13.09
13.09
13.11
13.12
13.14
13.14
13.16
13.17
13.18
13.18
13.2
13.21
13.22
13.25
13.25
13.27
13.28
13.31
13.33
13.35
13.36
13.37
13.42
13.44
13.48
13.5
13.52
13.54
13.55
13.62
13.65
13.7
13.7
13.71
13.75
13.85
13.88
13.88
13.95
14.0
14.0
14.0
14.0
14.0
14.0
14.0
14.0
14.0
14.0
14.0
14.0
14.0
14.0
14.0
14.0
14.0
14.0
14.0
14.0
14.0
14.0
14.0
14.0
14.0
14.0
14.0
14.0
14.0
14.0
14.0
14.0
14.0
14.0
14.0
14.0
14.0
14.0
14.0
14.0
14.0
14.0
14.01
14.04
14.04
14.1
14.1
14.14
14.14
14.15
14.19
14.23
14.23
14.24
14.25
14.28
14.3
14.31
14.32
14.35
14.39
14.43
14.43
14.43
14.46
14.46
14.47
14.49
14.53
14.57
14.59
14.6
14.67
14.67
14.7
14.72
14.73
14.74
14.77
14.82
14.83
14.86
14.88
14.88
14.92
14.99
15.0
15.0
15.0
15.0
15.0
15.0
15.0
15.0
15.0
15.0
15.0
15.0
15.0
15.0
15.0
15.0
15.0
15.0
15.0
15.0
15.0
15.0
15.0
15.0
15.0
15.0
15.0
15.0
15.0
15.0
15.0
15.0
15.0
15.0
15.0
15.0
15.0
15.0
15.0
15.0
15.0
15.0
15.0
15.0
15.0
15.0
15.0
15.0
15.0
15.0
15.0
15.0
15.02
15.04
15.04
15.12
15.14
15.16
15.18
15.23
15.27
15.3
15.3
15.33
15.33
15.34
15.35
15.37
15.37
15.37
15.41
15.41
15.43
15.44
15.45
15.51
15.51
15.52
15.52
15.53
15.6
15.62
15.62
15.64
15.67
15.68
15.73
15.78
15.78
15.84
15.9
15.96
15.96
15.97
15.97
15.97
15.99
16.0
16.0
16.0
16.0
16.0
16.0
16.0
16.0
16.0
16.0
16.0
16.0
16.0
16.0
16.0
16.0
16.0
16.0
16.0
16.0
16.0
16.0
16.0
16.0
16.0
16.0
16.0
16.0
16.0
16.0
16.0
16.0
16.0
16.0
16.0
16.0
16.0
16.0
16.0
16.0
16.0
16.0
16.0
16.0
16.0
16.0
16.0
16.0
16.0
16.01
16.02
16.02
16.06
16.06
16.07
16.09
16.09
16.23
16.32
16.33
16.33
16.35
16.39
16.41
16.43
16.47
16.48
16.51
16.51
16.59
16.64
16.66
16.67
16.73
16.76
16.78
16.78
16.8
16.8
16.81
16.82
16.83
16.83
16.9
16.9
16.95
16.97
17.0
17.0
17.0
17.0
17.0
17.0
17.0
17.0
17.0
17.0
17.0
17.0
17.0
17.0
17.0
17.0
17.0
17.0
17.0
17.0
17.0
17.0
17.0
17.0
17.0
17.0
17.0
17.0
17.0
17.0
17.0
17.0
17.0
17.0
17.0
17.0
17.07
17.08
17.09
17.1
17.1
17.21
17.25
17.3
17.32
17.35
17.36
17.38
17.39
17.4
17.41
17.41
17.41
17.44
17.48
17.48
17.49
17.5
17.5
17.54
17.55
17.56
17.6
17.64
17.64
17.65
17.66
17.66
17.69
17.71
17.71
17.72
17.74
17.74
17.75
17.83
17.86
17.88
17.89
17.92
17.92
17.94
17.97
18.0
18.0
18.0
18.0
18.0
18.0
18.0
18.0
18.0
18.0
18.0
18.0
18.0
18.0
18.0
18.0
18.0
18.0
18.0
18.0
18.0
18.0
18.0
18.0
18.0
18.0
18.0
18.0
18.0
18.0
18.0
18.0
18.0
18.0
18.0
18.0
18.0
18.0
18.0
18.0
18.0
18.0
18.01
18.01
18.04
18.05
18.06
18.09
18.1
18.12
18.17
18.19
18.21
18.25
18.26
18.28
18.28
18.29
18.29
18.3
18.31
18.34
18.35
18.35
18.36
18.36
18.37
18.38
18.4
18.4
18.41
18.43
18.45
18.47
18.48
18.48
18.49
18.51
18.56
18.57
18.61
18.63
18.64
18.66
18.68
18.71
18.71
18.74
18.77
18.8
18.8
18.81
18.82
18.84
18.86
18.87
18.87
18.95
18.99
19.0
19.0
19.0
19.0
19.0
19.0
19.0
19.0
19.0
19.0
19.0
19.0
19.0
19.0
19.0
19.0
19.0
19.0
19.0
19.0
19.0
19.0
19.0
19.0
19.0
19.0
19.0
19.0
19.0
19.0
19.0
19.0
19.0
19.0
19.0
19.0
19.0
19.0
19.0
19.0
19.0
19.0
19.0
19.0
19.0
19.0
19.0
19.0
19.0
19.0
19.0
19.0
19.0
19.0
19.0
19.0
19.0
19.0
19.0
19.0
19.0
19.0
19.0
19.02
19.05
19.06
19.1
19.11
19.11
19.13
19.16
19.17
19.17
19.19
19.2
19.2
19.3
19.33
19.36
19.37
19.45
19.46
19.48
19.5
19.51
19.53
19.53
19.58
19.61
19.64
19.65
19.68
19.68
19.72
19.73
19.76
19.77
19.86
19.91
19.91
19.92
19.92
19.93
20.0
20.0
20.0
20.0
20.0
20.0
20.0
20.0
20.0
20.0
20.0
20.0
20.0
20.0
20.0
20.0
20.0
20.0
20.0
20.0
20.0
20.0
20.0
20.0
20.0
20.0
20.0
20.0
20.0
20.0
20.0
20.0
20.0
20.0
20.0
20.0
20.0
20.0
20.0
20.0
20.0
20.0
20.0
20.0
20.0
20.0
20.0
20.0
20.0
20.0
20.0
20.0
20.0
20.0
20.0
20.0
20.0
20.02
20.11
20.11
20.13
20.13
20.17
20.17
20.18
20.19
20.2
20.22
20.23
20.24
20.29
20.33
20.41
20.41
20.41
20.44
20.44
20.46
20.47
20.49
20.52
20.52
20.56
20.6
20.61
20.62
20.66
20.68
20.68
20.75
20.76
20.79
20.82
20.83
20.83
20.9
20.94
20.97
21.0
21.0
21.0
21.0
21.0
21.0
21.0
21.0
21.0
21.0
21.0
21.0
21.0
21.0
21.0
21.0
21.0
21.0
21.0
21.0
21.0
21.0
21.0
21.0
21.0
21.0
21.0
21.0
21.0
21.0
21.0
21.0
21.0
21.0
21.0
21.0
21.0
21.0
21.0
21.0
21.0
21.0
21.0
21.0
21.0
21.0
21.0
21.0
21.0
21.0
21.0
21.02
21.02
21.03
21.07
21.14
21.16
21.19
21.2
21.21
21.21
21.23
21.28
21.28
21.3
21.32
21.33
21.35
21.36
21.36
21.42
21.43
21.44
21.46
21.46
21.54
21.54
21.57
21.62
21.62
21.63
21.64
21.64
21.67
21.71
21.72
21.75
21.76
21.78
21.84
21.87
21.89
21.9
21.95
21.95
21.95
21.96
22.0
22.0
22.0
22.0
22.0
22.0
22.0
22.0
22.0
22.0
22.0
22.0
22.0
22.0
22.0
22.0
22.0
22.0
22.0
22.0
22.0
22.0
22.0
22.0
22.0
22.0
22.0
22.0
22.0
22.0
22.0
22.0
22.0
22.0
22.0
22.0
22.0
22.0
22.0
22.0
22.0
22.0
22.0
22.0
22.0
22.0
22.0
22.0
22.0
22.0
22.0
22.01
22.06
22.06
22.06
22.1
22.11
22.16
22.21
22.22
22.26
22.27
22.29
22.34
22.37
22.42
22.42
22.45
22.49
22.55
22.55
22.61
22.63
22.63
22.64
22.65
22.67
22.68
22.69
22.7
22.72
22.75
22.77
22.78
22.8
22.81
22.87
22.87
22.9
22.9
22.92
22.96
22.97
22.98
22.99
22.99
23.0
23.0
23.0
23.0
23.0
23.0
23.0
23.0
23.0
23.0
23.0
23.0
23.0
23.0
23.0
23.0
23.0
23.0
23.0
23.0
23.0
23.0
23.0
23.0
23.0
23.0
23.0
23.0
23.0
23.0
23.0
23.0
23.0
23.0
23.0
23.0
23.0
23.0
23.0
23.0
23.0
23.0
23.0
23.0
23.0
23.0
23.0
23.0
23.0
23.0
23.0
23.0
23.03
23.09
23.12
23.13
23.13
23.19
23.22
23.22
23.23
23.24
23.25
23.28
23.28
23.28
23.29
23.3
23.3
23.31
23.31
23.31
23.32
23.36
23.36
23.36
23.37
23.39
23.41
23.43
23.43
23.45
23.48
23.53
23.53
23.58
23.59
23.59
23.59
23.59
23.61
23.61
23.63
23.65
23.66
23.67
23.68
23.71
23.72
23.81
23.87
23.87
23.89
23.9
23.91
23.91
23.92
23.94
23.94
23.97
23.97
23.99
23.99
24.0
24.0
24.0
24.0
24.0
24.0
24.0
24.0
24.0
24.0
24.0
24.0
24.0
24.0
24.0
24.0
24.0
24.0
24.0
24.0
24.0
24.0
24.0
24.0
24.0
24.0
24.0
24.0
24.0
24.0
24.0
24.0
24.0
24.0
24.0
24.0
24.0
24.0
24.0
24.0
24.0
24.0
24.0
24.0
24.0
24.0
24.0
24.0
24.0
24.0
24.0
24.0
24.0
24.0
24.03
24.03
24.04
24.1
24.1
24.14
24.17
24.18
24.2
24.23
24.23
24.24
24.26
24.26
24.26
24.28
24.28
24.29
24.31
24.36
24.37
24.41
24.44
24.46
24.49
24.5
24.51
24.55
24.58
24.6
24.62
24.64
24.65
24.67
24.68
24.71
24.71
24.74
24.75
24.75
24.76
24.8
24.81
24.85
24.85
24.89
24.91
24.92
24.93
24.93
24.95
24.96
25.0
25.0
25.0
25.0
25.0
25.0
25.0
25.0
25.0
25.0
25.0
25.0
25.0
25.0
25.0
25.0
25.0
25.0
25.0
25.0
25.0
25.0
25.0
25.0
25.0
25.0
25.0
25.0
25.0
25.0
25.0
25.0
25.0
25.0
25.0
25.0
25.0
25.0
25.0
25.0
25.0
25.0
25.0
25.0
25.0
25.0
25.0
25.0
25.03
25.07
25.07
25.08
25.11
25.12
25.16
25.16
25.18
25.19
25.19
25.2
25.22
25.23
25.25
25.26
25.27
25.28
25.29
25.31
25.34
25.34
25.34
25.35
25.36
25.37
25.39
25.41
25.44
25.47
25.47
25.5
25.5
25.54
25.56
25.58
25.6
25.6
25.62
25.63
25.64
25.65
25.67
25.69
25.73
25.73
25.8
25.8
25.8
25.83
25.83
25.84
25.87
25.89
25.92
25.93
25.94
25.96
25.97
25.99
26.0
26.0
26.0
26.0
26.0
26.0
26.0
26.0
26.0
26.0
26.0
26.0
26.0
26.0
26.0
26.0
26.0
26.0
26.0
26.0
26.0
26.0
26.0
26.0
26.0
26.0
26.0
26.0
26.0
26.0
26.0
26.0
26.0
26.0
26.0
26.0
26.0
26.0
26.0
26.0
26.0
26.0
26.0
26.0
26.0
26.0
26.0
26.0
26.0
26.04
26.06
26.06
26.07
26.07
26.12
26.13
26.14
26.17
26.22
26.27
26.28
26.33
26.33
26.34
26.38
26.41
26.42
26.42
26.44
26.44
26.49
26.51
26.55
26.56
26.58
26.58
26.6
26.61
26.61
26.62
26.69
26.7
26.72
26.76
26.77
26.78
26.78
26.78
26.8
26.8
26.82
26.87
26.87
26.88
26.88
26.88
26.89
26.91
26.91
26.91
26.92
26.95
26.96
26.99
27.0
27.0
27.0
27.0
27.0
27.0
27.0
27.0
27.0
27.0
27.0
27.0
27.0
27.0
27.0
27.0
27.0
27.0
27.0
27.0
27.0
27.0
27.0
27.0
27.0
27.0
27.0
27.0
27.0
27.0
27.0
27.0
27.0
27.0
27.0
27.0
27.0
27.0
27.0
27.0
27.0
27.0
27.0
27.0
27.0
27.0
27.0
27.02
27.08
27.08
27.13
27.14
27.15
27.18
27.19
27.22
27.23
27.23
27.28
27.28
27.3
27.31
27.34
27.38
27.39
27.4
27.41
27.42
27.43
27.45
27.47
27.48
27.49
27.49
27.49
27.52
27.55
27.55
27.58
27.6
27.63
27.72
27.74
27.77
27.77
27.79
27.81
27.81
27.81
27.84
27.87
27.9
27.91
27.97
27.97
27.98
27.99
28.0
28.0
28.0
28.0
28.0
28.0
28.0
28.0
28.0
28.0
28.0
28.0
28.0
28.0
28.0
28.0
28.0
28.0
28.0
28.0
28.0
28.0
28.0
28.0
28.0
28.0
28.0
28.0
28.0
28.0
28.0
28.0
28.0
28.0
28.0
28.0
28.0
28.0
28.0
28.0
28.0
28.0
28.0
28.0
28.0
28.0
28.0
28.0
28.0
28.06
28.06
28.07
28.08
28.11
28.11
28.12
28.14
28.14
28.17
28.17
28.21
28.22
28.24
28.29
28.3
28.31
28.36
28.45
28.46
28.47
28.48
28.49
28.49
28.5
28.51
28.53
28.54
28.55
28.56
28.56
28.56
28.57
28.63
28.64
28.66
28.7
28.7
28.72
28.76
28.76
28.77
28.8
28.81
28.82
28.84
28.86
28.86
28.87
28.87
28.89
28.95
28.96
28.98
29.0
29.0
29.0
29.0
29.0
29.0
29.0
29.0
29.0
29.0
29.0
29.0
29.0
29.0
29.0
29.0
29.0
29.0
29.0
29.0
29.0
29.0
29.0
29.0
29.0
29.0
29.0
29.0
29.0
29.0
29.0
29.0
29.0
29.0
29.0
29.0
29.0
29.0
29.0
29.01
29.05
29.08
29.1
29.13
29.19
29.25
29.26
29.28
29.28
29.29
29.31
29.31
29.32
29.35
29.35
29.36
29.37
29.38
29.38
29.38
29.45
29.46
29.48
29.49
29.49
29.51
29.52
29.53
29.58
29.59
29.62
29.63
29.66
29.67
29.68
29.74
29.74
29.8
29.82
29.85
29.86
29.87
29.89
29.89
29.9
29.92
29.94
29.94
29.95
30.0
30.0
30.0
30.0
30.0
30.0
30.0
30.0
30.0
30.0
30.0
30.0
30.0
30.0
30.0
30.0
30.0
30.0
30.0
30.0
30.0
30.0
30.0
30.0
30.0
30.0
30.0
30.0
30.0
30.0
30.0
30.0
30.0
30.0
30.0
30.0
30.0
30.0
30.0
30.0
30.0
30.0
30.0
30.0
30.0
30.0
30.0
30.0
30.0
30.01
30.03
30.03
30.05
30.09
30.09
30.09
30.11
30.11
30.18
30.19
30.22
30.24
30.24
30.26
30.26
30.29
30.37
30.37
30.38
30.4
30.42
30.44
30.46
30.47
30.49
30.49
30.53
30.55
30.59
30.6
30.6
30.6
30.65
30.67
30.73
30.73
30.74
30.78
30.81
30.82
30.84
30.84
30.9
30.93
30.99
31.0
31.0
31.0
31.0
31.0
31.0
31.0
31.0
31.0
31.0
31.0
31.0
31.0
31.0
31.0
31.0
31.0
31.0
31.0
31.0
31.0
31.0
31.0
31.0
31.0
31.0
31.0
31.0
31.0
31.0
31.0
31.0
31.0
31.0
31.0
31.0
31.0
31.0
31.0
31.0
31.0
31.0
31.0
31.0
31.0
31.0
31.0
31.0
31.0
31.01
31.06
31.08
31.1
31.13
31.14
31.17
31.2
31.2
31.21
31.22
31.22
31.26
31.28
31.29
31.29
31.34
31.35
31.35
31.36
31.36
31.43
31.45
31.53
31.55
31.57
31.6
31.61
31.61
31.63
31.64
31.65
31.7
31.7
31.7
31.76
31.79
31.87
31.96
31.96
32.0
32.0
32.0
32.0
32.0
32.0
32.0
32.0
32.0
32.0
32.0
32.0
32.0
32.0
32.0
32.0
32.0
32.0
32.0
32.0
32.0
32.0
32.0
32.0
32.0
32.0
32.0
32.0
32.0
32.0
32.0
32.0
32.0
32.0
32.01
32.01
32.07
32.08
32.11
32.11
32.14
32.18
32.21
32.21
32.22
32.23
32.25
32.26
32.32
32.32
32.34
32.35
32.36
32.37
32.37
32.39
32.42
32.46
32.49
32.54
32.65
32.65
32.67
32.68
32.68
32.7
32.76
32.78
32.78
32.79
32.79
32.82
32.83
32.9
32.94
32.95
32.97
32.99
33.0
33.0
33.0
33.0
33.0
33.0
33.0
33.0
33.0
33.0
33.0
33.0
33.0
33.0
33.0
33.0
33.0
33.0
33.0
33.0
33.0
33.0
33.0
33.0
33.0
33.0
33.0
33.0
33.0
33.0
33.0
33.0
33.0
33.0
33.0
33.0
33.0
33.0
33.0
33.0
33.0
33.0
33.0
33.0
33.0
33.0
33.0
33.0
33.01
33.02
33.03
33.03
33.04
33.04
33.05
33.06
33.08
33.09
33.11
33.14
33.15
33.21
33.29
33.31
33.33
33.34
33.35
33.4
33.41
33.42
33.43
33.44
33.45
33.47
33.48
33.48
33.49
33.51
33.53
33.53
33.54
33.57
33.62
33.65
33.65
33.71
33.71
33.73
33.77
33.77
33.78
33.78
33.81
33.84
33.85
33.85
33.85
33.85
33.88
33.94
34.0
34.0
34.0
34.0
34.0
34.0
34.0
34.0
34.0
34.0
34.0
34.0
34.0
34.0
34.0
34.0
34.0
34.0
34.0
34.0
34.0
34.0
34.0
34.0
34.0
34.0
34.0
34.0
34.0
34.0
34.0
34.0
34.0
34.0
34.0
34.0
34.0
34.0
34.0
34.0
34.0
34.0
34.0
34.0
34.0
34.0
34.0
34.0
34.0
34.0
34.0
34.0
34.0
34.0
34.0
34.0
34.05
34.11
34.11
34.12
34.12
34.19
34.2
34.2
34.25
34.27
34.27
34.29
34.3
34.35
34.36
34.37
34.38
34.38
34.39
34.4
34.4
34.45
34.46
34.46
34.48
34.48
34.53
34.53
34.57
34.61
34.64
34.64
34.65
34.65
34.66
34.66
34.67
34.67
34.68
34.75
34.77
34.8
34.81
34.87
34.87
34.9
34.94
34.94
34.94
34.97
34.98
35.0
35.0
35.0
35.0
35.0
35.0
35.0
35.0
35.0
35.0
35.0
35.0
35.0
35.0
35.0
35.0
35.0
35.0
35.0
35.0
35.0
35.0
35.0
35.0
35.0
35.0
35.0
35.0
35.0
35.0
35.0
35.0
35.0
35.0
35.0
35.0
35.0
35.0
35.0
35.0
35.0
35.0
35.0
35.0
35.0
35.0
35.02
35.02
35.05
35.08
35.2
35.2
35.21
35.21
35.22
35.25
35.26
35.31
35.32
35.33
35.33
35.33
35.33
35.34
35.35
35.36
35.38
35.4
35.44
35.45
35.45
35.47
35.49
35.5
35.5
35.52
35.58
35.68
35.7
35.71
35.71
35.75
35.78
35.81
35.81
35.84
35.86
35.88
35.91
35.95
35.95
36.0
36.0
36.0
36.0
36.0
36.0
36.0
36.0
36.0
36.0
36.0
36.0
36.0
36.0
36.0
36.0
36.0
36.0
36.0
36.0
36.0
36.0
36.0
36.0
36.0
36.0
36.0
36.0
36.0
36.0
36.0
36.0
36.0
36.0
36.0
36.0
36.0
36.0
36.0
36.0
36.0
36.0
36.0
36.0
36.0
36.0
36.0
36.0
36.0
36.0
36.0
36.0
36.0
36.0
36.02
36.03
36.05
36.06
36.1
36.12
36.14
36.14
36.16
36.16
36.24
36.25
36.26
36.26
36.29
36.3
36.31
36.32
36.32
36.34
36.36
36.4
36.46
36.46
36.5
36.51
36.52
36.52
36.52
36.53
36.56
36.56
36.6
36.61
36.63
36.64
36.66
36.66
36.68
36.69
36.72
36.73
36.75
36.75
36.78
36.84
36.86
36.89
36.92
36.98
37.0
37.0
37.0
37.0
37.0
37.0
37.0
37.0
37.0
37.0
37.0
37.0
37.0
37.0
37.0
37.0
37.0
37.0
37.0
37.0
37.0
37.0
37.0
37.0
37.0
37.0
37.0
37.0
37.0
37.0
37.0
37.0
37.0
37.0
37.01
37.01
37.05
37.1
37.11
37.12
37.13
37.14
37.15
37.22
37.24
37.26
37.29
37.29
37.31
37.34
37.34
37.37
37.37
37.37
37.38
37.39
37.39
37.4
37.41
37.42
37.42
37.43
37.44
37.48
37.5
37.51
37.52
37.52
37.52
37.58
37.6
37.65
37.66
37.68
37.68
37.73
37.74
37.76
37.78
37.84
37.89
37.89
37.9
37.9
37.9
37.9
37.91
37.93
37.97
38.0
38.0
38.0
38.0
38.0
38.0
38.0
38.0
38.0
38.0
38.0
38.0
38.0
38.0
38.0
38.0
38.0
38.0
38.0
38.0
38.0
38.0
38.0
38.0
38.0
38.0
38.0
38.0
38.0
38.0
38.0
38.0
38.0
38.0
38.0
38.0
38.0
38.0
38.0
38.0
38.0
38.0
38.0
38.0
38.0
38.0
38.0
38.0
38.0
38.0
38.0
38.0
38.0
38.0
38.0
38.01
38.02
38.06
38.11
38.18
38.21
38.23
38.23
38.26
38.27
38.28
38.3
38.3
38.31
38.34
38.34
38.39
38.41
38.45
38.46
38.47
38.49
38.5
38.51
38.52
38.53
38.54
38.54
38.55
38.57
38.57
38.57
38.62
38.66
38.69
38.73
38.73
38.75
38.76
38.81
38.82
38.85
38.86
38.86
38.89
38.92
38.94
38.96
38.97
39.0
39.0
39.0
39.0
39.0
39.0
39.0
39.0
39.0
39.0
39.0
39.0
39.0
39.0
39.0
39.0
39.0
39.0
39.0
39.0
39.0
39.0
39.0
39.0
39.0
39.0
39.0
39.0
39.0
39.0
39.0
39.0
39.0
39.0
39.0
39.0
39.0
39.0
39.0
39.0
39.0
39.0
39.0
39.0
39.0
39.0
39.05
39.08
39.08
39.15
39.19
39.22
39.24
39.27
39.29
39.43
39.44
39.44
39.44
39.45
39.53
39.56
39.6
39.61
39.65
39.65
39.68
39.71
39.75
39.76
39.76
39.81
39.84
39.87
39.88
39.89
39.91
39.92
39.95
39.98
39.99
39.99
40.0
40.0
40.0
40.0
40.0
40.0
40.0
40.0
40.0
40.0
40.0
40.0
40.0
40.0
40.0
40.0
40.0
40.0
40.0
40.0
40.0
40.0
40.0
40.0
40.0
40.0
40.0
40.0
40.0
40.0
40.0
40.0
40.0
40.0
40.0
40.0
40.0
40.0
40.0
40.0
40.0
40.0
40.0
40.0
40.0
40.0
40.0
40.0
40.04
40.07
40.07
40.11
40.15
40.18
40.19
40.2
40.2
40.21
40.35
40.36
40.37
40.38
40.39
40.41
40.42
40.43
40.44
40.5
40.52
40.54
40.55
40.55
40.61
40.64
40.66
40.68
40.71
40.81
40.82
40.86
40.86
40.9
40.91
40.92
40.92
40.93
40.94
40.97
40.98
40.98
41.0
41.0
41.0
41.0
41.0
41.0
41.0
41.0
41.0
41.0
41.0
41.0
41.0
41.0
41.0
41.0
41.0
41.0
41.0
41.0
41.0
41.0
41.0
41.0
41.0
41.0
41.0
41.0
41.0
41.0
41.0
41.0
41.0
41.0
41.0
41.0
41.0
41.0
41.0
41.0
41.0
41.0
41.0
41.0
41.0
41.01
41.04
41.06
41.1
41.14
41.14
41.14
41.15
41.15
41.15
41.17
41.18
41.19
41.23
41.3
41.33
41.35
41.38
41.38
41.39
41.4
41.48
41.49
41.5
41.53
41.54
41.54
41.59
41.64
41.66
41.7
41.71
41.75
41.78
41.8
41.84
41.85
41.91
41.93
41.93
41.95
41.96
42.0
42.0
42.0
42.0
42.0
42.0
42.0
42.0
42.0
42.0
42.0
42.0
42.0
42.0
42.0
42.0
42.0
42.0
42.0
42.0
42.0
42.0
42.0
42.0
42.0
42.0
42.0
42.0
42.0
42.0
42.0
42.0
42.0
42.0
42.0
42.0
42.0
42.0
42.0
42.0
42.0
42.0
42.0
42.0
42.01
42.02
42.02
42.02
42.04
42.05
42.07
42.1
42.1
42.14
42.15
42.26
42.28
42.33
42.42
42.47
42.49
42.51
42.51
42.53
42.56
42.57
42.57
42.58
42.58
42.58
42.6
42.6
42.61
42.64
42.64
42.64
42.66
42.68
42.7
42.7
42.75
42.78
42.81
42.81
42.83
42.84
42.85
42.85
42.88
42.89
42.9
42.91
42.97
43.0
43.0
43.0
43.0
43.0
43.0
43.0
43.0
43.0
43.0
43.0
43.0
43.0
43.0
43.0
43.0
43.0
43.0
43.0
43.0
43.0
43.0
43.0
43.0
43.0
43.0
43.0
43.0
43.0
43.0
43.0
43.0
43.0
43.0
43.0
43.0
43.0
43.0
43.0
43.0
43.0
43.0
43.0
43.0
43.0
43.0
43.0
43.0
43.0
43.0
43.0
43.0
43.0
43.01
43.02
43.02
43.11
43.11
43.14
43.14
43.14
43.17
43.18
43.19
43.2
43.2
43.24
43.25
43.26
43.28
43.28
43.34
43.38
43.39
43.43
43.47
43.47
43.5
43.5
43.59
43.59
43.64
43.64
43.65
43.7
43.75
43.76
43.78
43.81
43.84
43.88
43.92
43.93
43.99
44.0
44.0
44.0
44.0
44.0
44.0
44.0
44.0
44.0
44.0
44.0
44.0
44.0
44.0
44.0
44.0
44.0
44.0
44.0
44.0
44.0
44.0
44.0
44.0
44.0
44.0
44.0
44.0
44.0
44.0
44.0
44.0
44.0
44.0
44.0
44.0
44.0
44.0
44.0
44.0
44.0
44.0
44.0
44.0
44.0
44.0
44.0
44.0
44.0
44.0
44.0
44.0
44.0
44.0
44.0
44.0
44.0
44.02
44.05
44.09
44.11
44.12
44.13
44.16
44.16
44.17
44.18
44.18
44.22
44.22
44.22
44.24
44.25
44.29
44.48
44.5
44.5
44.51
44.51
44.52
44.53
44.54
44.55
44.56
44.59
44.6
44.61
44.67
44.67
44.73
44.74
44.74
44.74
44.75
44.75
44.76
44.8
44.81
44.81
44.83
44.85
44.85
44.86
44.87
44.9
44.93
44.93
44.94
44.95
44.96
44.97
44.98
44.99
45.0
45.0
45.0
45.0
45.0
45.0
45.0
45.0
45.0
45.0
45.0
45.0
45.0
45.0
45.0
45.0
45.0
45.0
45.0
45.0
45.0
45.0
45.0
45.0
45.0
45.0
45.0
45.0
45.0
45.0
45.0
45.0
45.0
45.0
45.0
45.0
45.0
45.0
45.0
45.0
45.0
45.0
45.0
45.0
45.0
45.0
45.0
45.0
45.0
45.0
45.0
45.0
45.0
45.0
45.0
45.0
45.01
45.04
45.07
45.08
45.08
45.09
45.12
45.12
45.13
45.13
45.15
45.15
45.16
45.16
45.17
45.19
45.22
45.25
45.29
45.3
45.31
45.34
45.37
45.38
45.39
45.4
45.44
45.48
45.51
45.51
45.51
45.52
45.58
45.59
45.59
45.6
45.61
45.64
45.67
45.76
45.77
45.77
45.78
45.8
45.82
45.83
45.85
45.85
45.86
45.88
45.9
45.91
45.92
45.94
45.99
46.0
46.0
46.0
46.0
46.0
46.0
46.0
46.0
46.0
46.0
46.0
46.0
46.0
46.0
46.0
46.0
46.0
46.0
46.0
46.0
46.0
46.0
46.0
46.0
46.0
46.0
46.0
46.0
46.0
46.0
46.0
46.0
46.0
46.0
46.0
46.0
46.0
46.0
46.01
46.02
46.05
46.08
46.08
46.1
46.11
46.13
46.14
46.22
46.24
46.24
46.29
46.31
46.32
46.33
46.37
46.38
46.4
46.43
46.46
46.47
46.48
46.49
46.51
46.52
46.53
46.54
46.56
46.6
46.61
46.61
46.64
46.68
46.71
46.72
46.76
46.77
46.78
46.81
46.81
46.84
46.86
46.87
46.89
46.91
46.92
46.94
46.97
47.0
47.0
47.0
47.0
47.0
47.0
47.0
47.0
47.0
47.0
47.0
47.0
47.0
47.0
47.0
47.0
47.0
47.0
47.0
47.0
47.0
47.0
47.0
47.0
47.0
47.0
47.0
47.0
47.0
47.0
47.0
47.0
47.0
47.0
47.0
47.0
47.0
47.0
47.0
47.0
47.0
47.0
47.0
47.0
47.0
47.0
47.0
47.0
47.0
47.0
47.0
47.0
47.0
47.01
47.01
47.04
47.04
47.04
47.04
47.05
47.07
47.09
47.09
47.12
47.12
47.13
47.16
47.19
47.19
47.21
47.24
47.25
47.25
47.27
47.28
47.28
47.29
47.29
47.3
47.31
47.32
47.34
47.34
47.34
47.34
47.36
47.38
47.38
47.46
47.46
47.5
47.51
47.59
47.59
47.6
47.62
47.62
47.66
47.67
47.68
47.71
47.73
47.74
47.76
47.77
47.8
47.84
47.87
47.87
47.88
47.9
47.94
47.95
47.96
47.97
47.98
48.0
48.0
48.0
48.0
48.0
48.0
48.0
48.0
48.0
48.0
48.0
48.0
48.0
48.0
48.0
48.0
48.0
48.0
48.0
48.0
48.0
48.0
48.0
48.0
48.0
48.0
48.0
48.0
48.0
48.0
48.0
48.0
48.0
48.0
48.0
48.0
48.0
48.0
48.0
48.0
48.0
48.0
48.0
48.0
48.0
48.0
48.0
48.0
48.0
48.0
48.0
48.0
48.0
48.0
48.01
48.1
48.1
48.13
48.15
48.18
48.21
48.21
48.22
48.27
48.28
48.29
48.3
48.3
48.31
48.32
48.35
48.4
48.41
48.44
48.46
48.46
48.47
48.5
48.54
48.55
48.61
48.62
48.63
48.63
48.65
48.67
48.68
48.68
48.71
48.73
48.74
48.74
48.83
48.85
48.86
48.89
48.92
48.95
48.96
48.99
49.0
49.0
49.0
49.0
49.0
49.0
49.0
49.0
49.0
49.0
49.0
49.0
49.0
49.0
49.0
49.0
49.0
49.0
49.0
49.0
49.0
49.0
49.0
49.0
49.0
49.0
49.0
49.0
49.0
49.0
49.0
49.0
49.0
49.0
49.0
49.0
49.0
49.0
49.0
49.0
49.0
49.0
49.0
49.0
49.0
49.0
49.0
49.0
49.0
49.0
49.0
49.0
49.0
49.0
49.0
49.03
49.03
49.03
49.04
49.07
49.08
49.1
49.11
49.12
49.12
49.14
49.15
49.16
49.18
49.2
49.21
49.22
49.23
49.26
49.26
49.28
49.29
49.31
49.31
49.32
49.33
49.34
49.34
49.35
49.4
49.4
49.48
49.49
49.49
49.51
49.54
49.54
49.55
49.55
49.57
49.65
49.65
49.72
49.76
49.76
49.78
49.78
49.78
49.82
49.83
49.84
49.86
49.88
49.91
49.96
49.97
49.99
50.0
50.0
50.0
50.0
50.0
50.0
50.0
50.0
50.0
50.0
50.0
50.0
50.0
50.0
50.0
50.0
50.0
50.0
50.0
50.0
50.0
50.0
50.0
50.0
50.0
50.0
50.0
50.0
50.0
50.0
50.0
50.0
50.0
50.0
50.0
50.0
50.0
50.0
50.0
50.0
50.0
50.0
50.0
50.0
50.0
50.0
50.0
50.0
50.0
50.01
50.02
50.02
50.04
50.06
50.08
50.09
50.09
50.1
50.11
50.12
50.12
50.13
50.16
50.16
50.17
50.17
50.18
50.18
50.19
50.19
50.21
50.23
50.23
50.25
50.27
50.31
50.35
50.36
50.4
50.41
50.44
50.44
50.46
50.46
50.47
50.49
50.52
50.53
50.57
50.6
50.63
50.65
50.7
50.75
50.77
50.86
50.89
50.91
50.98
50.99
51.0
51.0
51.0
51.0
51.0
51.0
51.0
51.0
51.0
51.0
51.0
51.0
51.0
51.0
51.0
51.0
51.0
51.0
51.0
51.0
51.0
51.0
51.0
51.0
51.0
51.0
51.0
51.0
51.0
51.0
51.0
51.0
51.0
51.0
51.0
51.0
51.0
51.0
51.0
51.0
51.0
51.0
51.0
51.0
51.04
51.05
51.07
51.08
51.13
51.14
51.15
51.16
51.17
51.23
51.24
51.24
51.25
51.26
51.26
51.28
51.28
51.3
51.33
51.35
51.35
51.37
51.4
51.41
51.43
51.43
51.44
51.45
51.48
51.5
51.53
51.54
51.55
51.56
51.6
51.6
51.6
51.62
51.66
51.72
51.72
51.73
51.74
51.75
51.76
51.76
51.78
51.82
51.86
51.87
51.87
51.88
51.95
51.95
51.96
51.99
52.0
52.0
52.0
52.0
52.0
52.0
52.0
52.0
52.0
52.0
52.0
52.0
52.0
52.0
52.0
52.0
52.0
52.0
52.0
52.0
52.0
52.0
52.0
52.0
52.0
52.0
52.0
52.0
52.0
52.0
52.0
52.0
52.0
52.0
52.0
52.0
52.0
52.0
52.0
52.0
52.0
52.0
52.0
52.0
52.0
52.0
52.0
52.0
52.0
52.0
52.0
52.0
52.0
52.0
52.0
52.02
52.03
52.03
52.1
52.14
52.16
52.17
52.18
52.19
52.23
52.33
52.34
52.37
52.38
52.41
52.42
52.46
52.5
52.5
52.51
52.52
52.63
52.68
52.68
52.72
52.75
52.76
52.82
52.82
52.82
52.83
52.83
52.89
52.93
52.95
52.96
52.97
53.0
53.0
53.0
53.0
53.0
53.0
53.0
53.0
53.0
53.0
53.0
53.0
53.0
53.0
53.0
53.0
53.0
53.0
53.0
53.0
53.0
53.0
53.0
53.0
53.0
53.0
53.0
53.0
53.0
53.0
53.0
53.0
53.0
53.0
53.0
53.0
53.0
53.0
53.0
53.0
53.0
53.0
53.0
53.0
53.0
53.0
53.0
53.02
53.08
53.08
53.1
53.1
53.12
53.15
53.16
53.19
53.21
53.23
53.23
53.26
53.31
53.32
53.33
53.33
53.35
53.37
53.41
53.42
53.44
53.45
53.47
53.54
53.54
53.55
53.55
53.58
53.6
53.62
53.62
53.63
53.75
53.76
53.77
53.77
53.78
53.82
53.83
53.83
53.91
53.92
53.93
54.0
54.0
54.0
54.0
54.0
54.0
54.0
54.0
54.0
54.0
54.0
54.0
54.0
54.0
54.0
54.0
54.0
54.0
54.0
54.0
54.0
54.0
54.0
54.0
54.0
54.0
54.0
54.0
54.0
54.0
54.0
54.0
54.0
54.0
54.0
54.0
54.0
54.0
54.0
54.0
54.0
54.0
54.0
54.0
54.0
54.0
54.0
54.0
54.0
54.02
54.04
54.05
54.07
54.1
54.13
54.18
54.23
54.25
54.27
54.28
54.31
54.33
54.34
54.35
54.41
54.47
54.49
54.52
54.53
54.54
54.57
54.66
54.66
54.67
54.69
54.7
54.7
54.71
54.72
54.76
54.77
54.78
54.78
54.8
54.81
54.82
54.82
54.83
54.83
54.85
54.87
54.93
54.93
54.94
54.94
54.96
54.96
54.96
54.97
54.98
54.99
54.99
55.0
55.0
55.0
55.0
55.0
55.0
55.0
55.0
55.0
55.0
55.0
55.0
55.0
55.0
55.0
55.0
55.0
55.0
55.0
55.0
55.0
55.0
55.0
55.0
55.0
55.0
55.0
55.0
55.0
55.0
55.0
55.0
55.0
55.0
55.0
55.0
55.0
55.0
55.0
55.0
55.0
55.0
55.0
55.0
55.0
55.0
55.0
55.0
55.0
55.0
55.0
55.0
55.0
55.0
55.0
55.0
55.0
55.0
55.0
55.0
55.0
55.0
55.01
55.01
55.02
55.02
55.03
55.03
55.04
55.1
55.14
55.14
55.18
55.21
55.21
55.22
55.25
55.29
55.3
55.3
55.31
55.31
55.32
55.35
55.36
55.36
55.41
55.41
55.45
55.5
55.5
55.51
55.53
55.53
55.55
55.56
55.59
55.6
55.68
55.71
55.75
55.76
55.77
55.77
55.79
55.82
55.83
55.84
55.84
55.86
55.87
55.91
55.92
55.96
55.96
55.98
56.0
56.0
56.0
56.0
56.0
56.0
56.0
56.0
56.0
56.0
56.0
56.0
56.0
56.0
56.0
56.0
56.0
56.0
56.0
56.0
56.0
56.0
56.0
56.0
56.0
56.0
56.0
56.0
56.0
56.0
56.0
56.0
56.0
56.0
56.0
56.0
56.0
56.0
56.0
56.0
56.0
56.0
56.0
56.0
56.0
56.0
56.0
56.0
56.0
56.0
56.0
56.0
56.02
56.05
56.09
56.09
56.14
56.19
56.21
56.26
56.26
56.26
56.27
56.28
56.28
56.28
56.3
56.33
56.38
56.38
56.38
56.41
56.41
56.42
56.43
56.44
56.47
56.5
56.52
56.57
56.61
56.62
56.71
56.78
56.82
56.85
56.86
56.87
56.93
56.93
56.94
56.96
56.98
57.0
57.0
57.0
57.0
57.0
57.0
57.0
57.0
57.0
57.0
57.0
57.0
57.0
57.0
57.0
57.0
57.0
57.0
57.0
57.0
57.0
57.0
57.0
57.0
57.0
57.0
57.0
57.0
57.0
57.0
57.0
57.0
57.0
57.0
57.0
57.0
57.0
57.0
57.0
57.0
57.0
57.0
57.0
57.0
57.0
57.0
57.0
57.0
57.0
57.0
57.0
57.0
57.0
57.01
57.04
57.05
57.05
57.07
57.09
57.1
57.1
57.11
57.11
57.14
57.16
57.18
57.19
57.23
57.24
57.24
57.26
57.26
57.28
57.3
57.32
57.33
57.38
57.41
57.41
57.43
57.43
57.46
57.46
57.46
57.49
57.51
57.53
57.58
57.6
57.6
57.61
57.62
57.65
57.66
57.68
57.7
57.7
57.72
57.72
57.74
57.75
57.75
57.78
57.81
57.88
57.89
57.9
57.91
57.95
57.95
57.96
57.97
57.98
57.99
58.0
58.0
58.0
58.0
58.0
58.0
58.0
58.0
58.0
58.0
58.0
58.0
58.0
58.0
58.0
58.0
58.0
58.0
58.0
58.0
58.0
58.0
58.0
58.0
58.0
58.0
58.0
58.0
58.0
58.0
58.0
58.0
58.0
58.0
58.0
58.0
58.0
58.0
58.0
58.0
58.0
58.0
58.0
58.0
58.0
58.0
58.0
58.0
58.0
58.0
58.0
58.0
58.0
58.1
58.12
58.14
58.15
58.17
58.18
58.19
58.19
58.2
58.2
58.22
58.23
58.25
58.26
58.27
58.27
58.29
58.29
58.32
58.33
58.4
58.4
58.41
58.45
58.52
58.58
58.61
58.63
58.64
58.66
58.66
58.68
58.69
58.69
58.7
58.71
58.72
58.72
58.73
58.73
58.76
58.79
58.84
58.85
58.88
58.9
58.91
58.97
59.0
59.0
59.0
59.0
59.0
59.0
59.0
59.0
59.0
59.0
59.0
59.0
59.0
59.0
59.0
59.0
59.0
59.0
59.0
59.0
59.0
59.0
59.0
59.0
59.0
59.0
59.0
59.0
59.0
59.0
59.0
59.0
59.0
59.0
59.0
59.0
59.0
59.0
59.0
59.0
59.0
59.0
59.0
59.0
59.0
59.0
59.0
59.0
59.0
59.0
59.01
59.01
59.03
59.06
59.07
59.14
59.16
59.24
59.26
59.28
59.28
59.3
59.32
59.34
59.38
59.41
59.41
59.42
59.5
59.5
59.55
59.56
59.65
59.65
59.67
59.68
59.71
59.72
59.73
59.74
59.74
59.78
59.8
59.83
59.89
59.91
59.91
59.91
59.95
59.96
59.96
59.96
59.96
59.98
59.98
60.0
60.0
60.0
60.0
60.0
60.0
60.0
60.0
60.0
60.0
60.0
60.0
60.0
60.0
60.0
60.0
60.0
60.0
60.0
60.0
60.0
60.0
60.0
60.0
60.0
60.0
60.0
60.0
60.0
60.0
60.0
60.0
60.0
60.0
60.0
60.0
60.0
60.0
60.0
60.0
60.04
60.11
60.11
60.12
60.15
60.19
60.21
60.22
60.22
60.22
60.23
60.28
60.29
60.29
60.29
60.33
60.36
60.36
60.38
60.39
60.39
60.4
60.41
60.47
60.47
60.49
60.51
60.51
60.53
60.59
60.63
60.66
60.66
60.66
60.67
60.67
60.7
60.71
60.71
60.78
60.8
60.8
60.85
60.89
60.94
60.94
60.97
60.99
60.99
61.0
61.0
61.0
61.0
61.0
61.0
61.0
61.0
61.0
61.0
61.0
61.0
61.0
61.0
61.0
61.0
61.0
61.0
61.0
61.0
61.0
61.0
61.0
61.0
61.0
61.0
61.0
61.0
61.0
61.0
61.0
61.0
61.0
61.0
61.0
61.0
61.0
61.0
61.0
61.0
61.0
61.0
61.0
61.02
61.04
61.04
61.05
61.05
61.05
61.08
61.1
61.11
61.11
61.13
61.16
61.17
61.19
61.2
61.21
61.23
61.23
61.28
61.29
61.29
61.29
61.39
61.4
61.42
61.54
61.55
61.57
61.6
61.61
61.64
61.67
61.71
61.72
61.73
61.74
61.75
61.77
61.78
61.78
61.79
61.83
61.85
61.86
61.86
61.88
61.89
61.89
61.89
61.95
61.96
61.99
61.99
62.0
62.0
62.0
62.0
62.0
62.0
62.0
62.0
62.0
62.0
62.0
62.0
62.0
62.0
62.0
62.0
62.0
62.0
62.0
62.0
62.0
62.0
62.0
62.0
62.0
62.0
62.0
62.0
62.0
62.0
62.0
62.0
62.0
62.0
62.0
62.0
62.0
62.0
62.0
62.0
62.0
62.01
62.02
62.02
62.03
62.03
62.03
62.06
62.07
62.14
62.16
62.18
62.21
62.21
62.23
62.25
62.29
62.3
62.3
62.32
62.33
62.34
62.35
62.39
62.4
62.4
62.42
62.42
62.42
62.44
62.45
62.46
62.46
62.47
62.5
62.56
62.56
62.59
62.61
62.62
62.64
62.65
62.65
62.66
62.67
62.72
62.73
62.78
62.84
62.85
62.9
62.93
62.94
62.95
62.96
62.97
63.0
63.0
63.0
63.0
63.0
63.0
63.0
63.0
63.0
63.0
63.0
63.0
63.0
63.0
63.0
63.0
63.0
63.0
63.0
63.0
63.0
63.0
63.0
63.0
63.0
63.0
63.0
63.0
63.0
63.0
63.0
63.0
63.0
63.0
63.0
63.0
63.0
63.0
63.0
63.0
63.0
63.0
63.0
63.0
63.0
63.0
63.0
63.0
63.0
63.0
63.0
63.0
63.0
63.04
63.04
63.07
63.07
63.1
63.14
63.17
63.2
63.2
63.21
63.22
63.23
63.28
63.29
63.29
63.37
63.38
63.41
63.42
63.42
63.43
63.43
63.44
63.47
63.49
63.49
63.49
63.52
63.56
63.58
63.66
63.66
63.72
63.74
63.75
63.78
63.79
63.84
63.87
63.88
63.88
63.94
63.95
63.97
63.99
64.0
64.0
64.0
64.0
64.0
64.0
64.0
64.0
64.0
64.0
64.0
64.0
64.0
64.0
64.0
64.0
64.0
64.0
64.0
64.0
64.0
64.0
64.0
64.0
64.0
64.0
64.0
64.0
64.0
64.0
64.0
64.0
64.0
64.0
64.0
64.0
64.0
64.0
64.0
64.0
64.0
64.0
64.0
64.0
64.0
64.0
64.0
64.0
64.0
64.0
64.0
64.0
64.0
64.0
64.0
64.0
64.0
64.0
64.0
64.0
64.0
64.0
64.0
64.0
64.0
64.0
64.0
64.0
64.0
64.03
64.03
64.04
64.04
64.05
64.07
64.08
64.09
64.14
64.16
64.16
64.18
64.22
64.22
64.24
64.24
64.25
64.27
64.3
64.31
64.31
64.37
64.38
64.38
64.41
64.43
64.44
64.49
64.49
64.51
64.52
64.52
64.56
64.57
64.58
64.61
64.65
64.66
64.68
64.7
64.71
64.73
64.75
64.75
64.76
64.77
64.79
64.79
64.8
64.8
64.82
64.83
64.84
64.85
64.86
64.87
64.89
64.96
64.96
65.0
65.0
65.0
65.0
65.0
65.0
65.0
65.0
65.0
65.0
65.0
65.0
65.0
65.0
65.0
65.0
65.0
65.0
65.0
65.0
65.0
65.0
65.0
65.0
65.0
65.0
65.0
65.0
65.0
65.0
65.0
65.0
65.0
65.0
65.0
65.0
65.0
65.0
65.0
65.0
65.0
65.0
65.0
65.0
65.0
65.0
65.0
65.0
65.0
65.0
65.0
65.0
65.0
65.0
65.0
65.0
65.0
65.0
65.0
65.0
65.0
65.0
65.02
65.08
65.09
65.09
65.1
65.12
65.12
65.14
65.14
65.15
65.2
65.25
65.25
65.26
65.27
65.29
65.29
65.29
65.3
65.3
65.33
65.33
65.34
65.37
65.39
65.47
65.52
65.6
65.62
65.63
65.67
65.76
65.76
65.77
65.78
65.81
65.82
65.85
65.85
65.85
65.86
65.87
65.87
65.88
65.89
65.93
65.97
65.98
66.0
66.0
66.0
66.0
66.0
66.0
66.0
66.0
66.0
66.0
66.0
66.0
66.0
66.0
66.0
66.0
66.0
66.0
66.0
66.0
66.0
66.0
66.0
66.0
66.0
66.0
66.0
66.0
66.0
66.0
66.0
66.0
66.0
66.0
66.0
66.0
66.0
66.0
66.0
66.0
66.0
66.0
66.0
66.0
66.0
66.0
66.0
66.0
66.0
66.01
66.04
66.05
66.1
66.12
66.13
66.18
66.27
66.28
66.28
66.32
66.33
66.33
66.36
66.36
66.36
66.38
66.41
66.46
66.48
66.49
66.5
66.5
66.51
66.54
66.6
66.64
66.65
66.66
66.67
66.67
66.69
66.7
66.79
66.79
66.83
66.84
66.86
66.86
66.88
66.89
66.93
66.95
66.96
66.96
66.99
67.0
67.0
67.0
67.0
67.0
67.0
67.0
67.0
67.0
67.0
67.0
67.0
67.0
67.0
67.0
67.0
67.0
67.0
67.0
67.0
67.0
67.0
67.0
67.0
67.0
67.0
67.0
67.0
67.0
67.0
67.0
67.0
67.0
67.0
67.0
67.0
67.0
67.0
67.0
67.0
67.0
67.0
67.0
67.0
67.0
67.0
67.0
67.0
67.0
67.0
67.02
67.04
67.09
67.09
67.15
67.15
67.16
67.24
67.28
67.29
67.3
67.32
67.34
67.34
67.35
67.36
67.38
67.39
67.41
67.46
67.48
67.48
67.48
67.51
67.52
67.54
67.56
67.59
67.61
67.62
67.64
67.66
67.67
67.75
67.77
67.78
67.82
67.82
67.86
67.88
67.9
67.91
67.91
67.92
67.92
67.94
67.94
67.99
68.0
68.0
68.0
68.0
68.0
68.0
68.0
68.0
68.0
68.0
68.0
68.0
68.0
68.0
68.0
68.0
68.0
68.0
68.0
68.0
68.0
68.0
68.0
68.0
68.0
68.0
68.0
68.0
68.0
68.0
68.0
68.0
68.0
68.0
68.0
68.0
68.0
68.0
68.0
68.0
68.0
68.0
68.0
68.0
68.02
68.03
68.06
68.08
68.1
68.1
68.12
68.13
68.13
68.14
68.15
68.19
68.23
68.25
68.28
68.29
68.3
68.32
68.33
68.36
68.37
68.38
68.41
68.42
68.42
68.42
68.43
68.44
68.5
68.51
68.51
68.51
68.56
68.57
68.59
68.61
68.71
68.71
68.73
68.74
68.75
68.75
68.79
68.8
68.84
68.87
68.88
68.88
68.93
68.94
68.95
69.0
69.0
69.0
69.0
69.0
69.0
69.0
69.0
69.0
69.0
69.0
69.0
69.0
69.0
69.0
69.0
69.0
69.0
69.0
69.0
69.0
69.0
69.0
69.0
69.0
69.0
69.0
69.0
69.0
69.0
69.0
69.0
69.0
69.0
69.0
69.0
69.0
69.0
69.0
69.0
69.0
69.0
69.0
69.0
69.0
69.0
69.0
69.0
69.0
69.0
69.0
69.02
69.06
69.09
69.09
69.09
69.1
69.1
69.16
69.16
69.18
69.18
69.2
69.22
69.26
69.27
69.27
69.28
69.32
69.32
69.41
69.41
69.44
69.46
69.51
69.56
69.56
69.58
69.58
69.64
69.64
69.69
69.69
69.7
69.71
69.72
69.75
69.78
69.81
69.85
69.91
69.94
69.95
69.97
70.0
70.0
70.0
70.0
70.0
70.0
70.0
70.0
70.0
70.0
70.0
70.0
70.0
70.0
70.0
70.0
70.0
70.0
70.0
70.0
70.0
70.0
70.0
70.0
70.0
70.0
70.0
70.0
70.0
70.0
70.0
70.0
70.0
70.0
70.0
70.0
70.0
70.0
70.0
70.0
70.0
70.0
70.0
70.0
70.0
70.0
70.0
70.0
70.0
70.0
70.0
70.0
70.0
70.0
70.0
70.0
70.01
70.03
70.13
70.15
70.15
70.15
70.18
70.19
70.2
70.21
70.23
70.28
70.28
70.29
70.3
70.3
70.3
70.31
70.32
70.37
70.38
70.38
70.38
70.38
70.39
70.4
70.4
70.42
70.46
70.48
70.49
70.5
70.51
70.53
70.54
70.55
70.55
70.58
70.59
70.61
70.62
70.62
70.63
70.65
70.68
70.74
70.75
70.77
70.79
70.82
70.83
70.84
70.86
70.87
70.87
70.89
70.92
70.93
70.97
70.99
71.0
71.0
71.0
71.0
71.0
71.0
71.0
71.0
71.0
71.0
71.0
71.0
71.0
71.0
71.0
71.0
71.0
71.0
71.0
71.0
71.0
71.0
71.0
71.0
71.0
71.0
71.0
71.0
71.0
71.0
71.0
71.0
71.0
71.0
71.0
71.0
71.0
71.0
71.0
71.0
71.0
71.0
71.0
71.0
71.0
71.0
71.0
71.0
71.0
71.0
71.0
71.0
71.0
71.0
71.0
71.0
71.01
71.08
71.1
71.1
71.11
71.11
71.12
71.12
71.14
71.15
71.17
71.28
71.28
71.28
71.28
71.31
71.31
71.31
71.32
71.32
71.32
71.33
71.33
71.35
71.41
71.42
71.44
71.47
71.48
71.5
71.52
71.53
71.56
71.57
71.61
71.62
71.63
71.66
71.67
71.72
71.73
71.75
71.76
71.76
71.77
71.8
71.87
71.88
71.92
71.98
72.0
72.0
72.0
72.0
72.0
72.0
72.0
72.0
72.0
72.0
72.0
72.0
72.0
72.0
72.0
72.0
72.0
72.0
72.0
72.0
72.0
72.0
72.0
72.0
72.0
72.0
72.0
72.0
72.0
72.0
72.0
72.0
72.0
72.0
72.0
72.0
72.0
72.0
72.0
72.0
72.0
72.0
72.0
72.0
72.0
72.0
72.0
72.03
72.04
72.04
72.04
72.05
72.1
72.13
72.14
72.14
72.15
72.16
72.16
72.19
72.19
72.21
72.25
72.35
72.35
72.37
72.38
72.43
72.45
72.45
72.47
72.47
72.49
72.51
72.53
72.55
72.57
72.58
72.6
72.64
72.68
72.69
72.69
72.71
72.76
72.77
72.78
72.79
72.8
72.8
72.81
72.82
72.84
72.84
72.87
72.87
72.88
72.88
72.91
72.94
72.95
72.96
73.0
73.0
73.0
73.0
73.0
73.0
73.0
73.0
73.0
73.0
73.0
73.0
73.0
73.0
73.0
73.0
73.0
73.0
73.0
73.0
73.0
73.0
73.0
73.0
73.0
73.0
73.0
73.0
73.0
73.0
73.0
73.0
73.0
73.0
73.0
73.0
73.0
73.0
73.03
73.04
73.09
73.12
73.14
73.2
73.23
73.23
73.25
73.27
73.29
73.31
73.31
73.33
73.33
73.38
73.39
73.39
73.43
73.45
73.45
73.49
73.52
73.53
73.55
73.58
73.62
73.63
73.63
73.68
73.69
73.73
73.75
73.77
73.8
73.87
73.88
73.89
73.9
73.93
73.94
73.94
73.94
73.95
73.95
73.97
74.0
74.0
74.0
74.0
74.0
74.0
74.0
74.0
74.0
74.0
74.0
74.0
74.0
74.0
74.0
74.0
74.0
74.0
74.0
74.0
74.0
74.0
74.0
74.0
74.0
74.0
74.0
74.0
74.0
74.0
74.0
74.0
74.0
74.0
74.01
74.02
74.02
74.04
74.15
74.16
74.16
74.2
74.2
74.21
74.23
74.24
74.3
74.37
74.4
74.42
74.44
74.47
74.48
74.48
74.5
74.51
74.53
74.53
74.56
74.57
74.58
74.61
74.64
74.64
74.7
74.71
74.74
74.79
74.85
74.85
74.88
74.9
74.92
74.92
74.95
74.96
75.0
75.0
75.0
75.0
75.0
75.0
75.0
75.0
75.0
75.0
75.0
75.0
75.0
75.0
75.0
75.0
75.0
75.0
75.0
75.0
75.0
75.0
75.0
75.0
75.0
75.0
75.0
75.0
75.0
75.0
75.0
75.0
75.0
75.0
75.0
75.0
75.0
75.0
75.0
75.0
75.0
75.0
75.0
75.0
75.0
75.0
75.0
75.0
75.0
75.0
75.0
75.0
75.0
75.0
75.0
75.0
75.0
75.0
75.03
75.04
75.06
75.06
75.09
75.1
75.11
75.11
75.13
75.15
75.15
75.15
75.15
75.16
75.19
75.21
75.21
75.23
75.23
75.24
75.24
75.26
75.27
75.29
75.32
75.34
75.38
75.44
75.45
75.46
75.48
75.5
75.5
75.51
75.51
75.55
75.55
75.56
75.63
75.66
75.67
75.68
75.68
75.69
75.7
75.71
75.73
75.73
75.74
75.75
75.79
75.79
75.8
75.81
75.83
75.85
75.89
75.9
75.92
75.93
75.96
75.99
76.0
76.0
76.0
76.0
76.0
76.0
76.0
76.0
76.0
76.0
76.0
76.0
76.0
76.0
76.0
76.0
76.0
76.0
76.0
76.0
76.0
76.0
76.0
76.0
76.0
76.0
76.0
76.0
76.0
76.0
76.0
76.0
76.0
76.0
76.0
76.0
76.0
76.0
76.0
76.0
76.0
76.0
76.0
76.0
76.0
76.0
76.0
76.0
76.0
76.0
76.0
76.0
76.0
76.0
76.0
76.0
76.0
76.0
76.0
76.0
76.0
76.03
76.05
76.07
76.09
76.09
76.12
76.15
76.16
76.18
76.18
76.19
76.24
76.24
76.31
76.33
76.36
76.38
76.4
76.4
76.41
76.44
76.44
76.44
76.45
76.46
76.48
76.49
76.52
76.52
76.54
76.55
76.59
76.61
76.62
76.64
76.67
76.67
76.67
76.68
76.71
76.74
76.78
76.79
76.79
76.8
76.86
76.89
76.89
76.91
76.92
76.95
76.95
76.96
76.97
77.0
77.0
77.0
77.0
77.0
77.0
77.0
77.0
77.0
77.0
77.0
77.0
77.0
77.0
77.0
77.0
77.0
77.0
77.0
77.0
77.0
77.0
77.0
77.0
77.0
77.0
77.0
77.0
77.0
77.0
77.0
77.0
77.0
77.0
77.0
77.0
77.0
77.03
77.04
77.09
77.12
77.13
77.14
77.15
77.15
77.18
77.19
77.19
77.21
77.22
77.22
77.24
77.26
77.26
77.3
77.32
77.35
77.37
77.39
77.42
77.43
77.43
77.44
77.44
77.46
77.46
77.5
77.55
77.55
77.59
77.59
77.61
77.68
77.69
77.72
77.73
77.73
77.73
77.75
77.75
77.76
77.79
77.8
77.81
77.85
77.94
77.95
77.97
77.97
77.97
77.99
78.0
78.0
78.0
78.0
78.0
78.0
78.0
78.0
78.0
78.0
78.0
78.0
78.0
78.0
78.0
78.0
78.0
78.0
78.0
78.0
78.0
78.0
78.0
78.0
78.0
78.0
78.0
78.0
78.0
78.0
78.0
78.0
78.0
78.0
78.0
78.0
78.0
78.0
78.0
78.0
78.0
78.0
78.0
78.0
78.0
78.0
78.0
78.0
78.0
78.04
78.04
78.09
78.12
78.19
78.23
78.27
78.29
78.3
78.32
78.33
78.39
78.41
78.43
78.46
78.47
78.5
78.53
78.56
78.58
78.58
78.63
78.66
78.67
78.69
78.7
78.7
78.72
78.74
78.77
78.77
78.77
78.78
78.83
78.9
78.91
78.92
78.97
78.97
78.98
78.99
79.0
79.0
79.0
79.0
79.0
79.0
79.0
79.0
79.0
79.0
79.0
79.0
79.0
79.0
79.0
79.0
79.0
79.0
79.0
79.0
79.0
79.0
79.0
79.0
79.0
79.0
79.0
79.0
79.0
79.0
79.0
79.0
79.0
79.0
79.0
79.0
79.0
79.0
79.0
79.0
79.0
79.0
79.0
79.0
79.0
79.0
79.0
79.0
79.0
79.0
79.0
79.0
79.0
79.0
79.02
79.03
79.06
79.07
79.08
79.09
79.1
79.1
79.11
79.15
79.15
79.16
79.16
79.16
79.17
79.17
79.18
79.18
79.22
79.27
79.28
79.28
79.29
79.31
79.31
79.35
79.37
79.4
79.4
79.42
79.43
79.46
79.48
79.49
79.49
79.51
79.53
79.54
79.54
79.54
79.57
79.57
79.58
79.62
79.71
79.71
79.77
79.8
79.81
79.87
79.89
79.91
79.91
79.93
79.93
79.96
79.96
79.97
79.98
79.98
79.98
80.0
80.0
80.0
80.0
80.0
80.0
80.0
80.0
80.0
80.0
80.0
80.0
80.0
80.0
80.0
80.0
80.0
80.0
80.0
80.0
80.0
80.0
80.0
80.0
80.0
80.0
80.0
80.0
80.0
80.0
80.0
80.0
80.0
80.0
80.0
80.0
80.0
80.0
80.0
80.0
80.0
80.0
80.0
80.0
80.0
80.0
80.0
80.01
80.02
80.03
80.05
80.09
80.1
80.11
80.14
80.14
80.16
80.17
80.22
80.27
80.28
80.29
80.29
80.33
80.34
80.37
80.37
80.38
80.42
80.44
80.44
80.46
80.49
80.5
80.51
80.52
80.55
80.56
80.58
80.63
80.64
80.66
80.66
80.67
80.67
80.68
80.71
80.74
80.77
80.79
80.81
80.81
80.82
80.87
80.87
80.89
80.91
80.97
80.98
81.0
81.0
81.0
81.0
81.0
81.0
81.0
81.0
81.0
81.0
81.0
81.0
81.0
81.0
81.0
81.0
81.0
81.0
81.0
81.0
81.0
81.0
81.0
81.0
81.0
81.0
81.0
81.0
81.0
81.0
81.0
81.0
81.0
81.0
81.0
81.0
81.0
81.0
81.0
81.0
81.0
81.0
81.0
81.0
81.0
81.0
81.0
81.0
81.0
81.0
81.0
81.0
81.11
81.13
81.14
81.15
81.15
81.15
81.19
81.2
81.26
81.27
81.27
81.28
81.33
81.33
81.36
81.41
81.41
81.42
81.42
81.43
81.46
81.54
81.57
81.57
81.61
81.65
81.67
81.68
81.68
81.68
81.69
81.69
81.69
81.74
81.75
81.76
81.78
81.79
81.8
81.81
81.82
81.82
81.86
81.87
81.88
81.88
81.89
81.9
81.93
81.95
81.98
81.98
81.98
82.0
82.0
82.0
82.0
82.0
82.0
82.0
82.0
82.0
82.0
82.0
82.0
82.0
82.0
82.0
82.0
82.0
82.0
82.0
82.0
82.0
82.0
82.0
82.0
82.0
82.0
82.0
82.0
82.0
82.0
82.0
82.0
82.0
82.0
82.0
82.0
82.0
82.0
82.0
82.0
82.0
82.0
82.0
82.0
82.0
82.0
82.0
82.06
82.09
82.13
82.13
82.17
82.19
82.24
82.25
82.25
82.26
82.29
82.35
82.39
82.41
82.43
82.44
82.5
82.58
82.59
82.62
82.62
82.63
82.63
82.65
82.7
82.73
82.74
82.76
82.76
82.83
82.83
82.84
82.84
82.85
82.9
82.9
82.95
83.0
83.0
83.0
83.0
83.0
83.0
83.0
83.0
83.0
83.0
83.0
83.0
83.0
83.0
83.0
83.0
83.0
83.0
83.0
83.0
83.0
83.0
83.0
83.0
83.0
83.0
83.0
83.0
83.0
83.0
83.0
83.0
83.0
83.0
83.0
83.0
83.0
83.0
83.0
83.0
83.0
83.0
83.0
83.0
83.0
83.0
83.0
83.0
83.0
83.0
83.0
83.0
83.0
83.0
83.0
83.0
83.0
83.0
83.0
83.0
83.0
83.0
83.0
83.07
83.11
83.12
83.12
83.13
83.19
83.2
83.22
83.24
83.25
83.26
83.26
83.27
83.28
83.29
83.29
83.3
83.34
83.34
83.37
83.37
83.41
83.43
83.45
83.48
83.48
83.5
83.55
83.59
83.59
83.66
83.68
83.68
83.7
83.71
83.74
83.76
83.76
83.77
83.78
83.79
83.8
83.85
83.87
83.87
83.87
83.88
83.88
83.89
83.9
83.93
83.96
83.96
83.98
83.98
84.0
84.0
84.0
84.0
84.0
84.0
84.0
84.0
84.0
84.0
84.0
84.0
84.0
84.0
84.0
84.0
84.0
84.0
84.0
84.0
84.0
84.0
84.0
84.0
84.0
84.0
84.0
84.0
84.0
84.0
84.0
84.0
84.0
84.0
84.0
84.0
84.0
84.0
84.0
84.0
84.0
84.0
84.0
84.0
84.0
84.0
84.0
84.02
84.03
84.06
84.09
84.14
84.16
84.16
84.18
84.19
84.21
84.22
84.24
84.26
84.27
84.28
84.28
84.31
84.31
84.31
84.31
84.34
84.34
84.35
84.35
84.37
84.38
84.42
84.43
84.43
84.46
84.46
84.47
84.49
84.5
84.51
84.53
84.54
84.55
84.58
84.59
84.6
84.63
84.65
84.65
84.65
84.65
84.65
84.66
84.66
84.67
84.67
84.68
84.7
84.71
84.73
84.74
84.75
84.76
84.79
84.79
84.84
84.85
84.86
84.87
84.89
84.95
84.95
84.97
85.0
85.0
85.0
85.0
85.0
85.0
85.0
85.0
85.0
85.0
85.0
85.0
85.0
85.0
85.0
85.0
85.0
85.0
85.0
85.0
85.0
85.0
85.0
85.0
85.0
85.0
85.0
85.0
85.0
85.0
85.0
85.0
85.0
85.0
85.0
85.0
85.0
85.0
85.0
85.0
85.0
85.0
85.0
85.0
85.0
85.0
85.0
85.0
85.0
85.0
85.0
85.0
85.0
85.0
85.0
85.0
85.01
85.02
85.02
85.06
85.1
85.15
85.19
85.2
85.22
85.24
85.24
85.24
85.28
85.34
85.34
85.37
85.38
85.39
85.4
85.45
85.47
85.5
85.55
85.55
85.61
85.63
85.67
85.67
85.68
85.7
85.7
85.76
85.77
85.82
85.83
85.84
85.85
85.9
85.9
85.91
85.94
85.97
86.0
86.0
86.0
86.0
86.0
86.0
86.0
86.0
86.0
86.0
86.0
86.0
86.0
86.0
86.0
86.0
86.0
86.0
86.0
86.0
86.0
86.0
86.0
86.0
86.0
86.0
86.0
86.0
86.0
86.0
86.0
86.0
86.0
86.0
86.0
86.0
86.0
86.0
86.0
86.0
86.0
86.0
86.0
86.0
86.0
86.0
86.0
86.0
86.0
86.01
86.01
86.02
86.03
86.04
86.08
86.08
86.09
86.09
86.12
86.12
86.14
86.15
86.15
86.17
86.17
86.18
86.19
86.2
86.27
86.28
86.28
86.3
86.32
86.33
86.34
86.39
86.4
86.45
86.45
86.46
86.48
86.48
86.49
86.52
86.55
86.55
86.56
86.58
86.64
86.66
86.66
86.67
86.68
86.69
86.72
86.75
86.76
86.77
86.77
86.81
86.82
86.85
86.86
86.89
86.92
87.0
87.0
87.0
87.0
87.0
87.0
87.0
87.0
87.0
87.0
87.0
87.0
87.0
87.0
87.0
87.0
87.0
87.0
87.0
87.0
87.0
87.0
87.0
87.0
87.0
87.0
87.0
87.0
87.0
87.0
87.0
87.0
87.0
87.0
87.0
87.0
87.0
87.0
87.0
87.0
87.0
87.0
87.0
87.0
87.0
87.0
87.0
87.0
87.0
87.0
87.0
87.0
87.0
87.0
87.0
87.0
87.0
87.02
87.04
87.04
87.05
87.07
87.07
87.15
87.17
87.22
87.23
87.28
87.33
87.34
87.34
87.35
87.35
87.36
87.37
87.4
87.42
87.46
87.48
87.48
87.48
87.49
87.56
87.56
87.56
87.57
87.59
87.61
87.63
87.65
87.66
87.67
87.69
87.71
87.74
87.83
87.84
87.87
87.88
87.88
87.89
87.91
87.91
87.98
87.99
88.0
88.0
88.0
88.0
88.0
88.0
88.0
88.0
88.0
88.0
88.0
88.0
88.0
88.0
88.0
88.0
88.0
88.0
88.0
88.0
88.0
88.0
88.0
88.0
88.0
88.0
88.0
88.0
88.0
88.0
88.0
88.0
88.0
88.0
88.0
88.0
88.0
88.0
88.0
88.0
88.0
88.0
88.0
88.0
88.0
88.0
88.0
88.0
88.0
88.0
88.03
88.05
88.05
88.07
88.08
88.11
88.14
88.15
88.16
88.16
88.18
88.18
88.2
88.21
88.23
88.25
88.31
88.31
88.33
88.36
88.43
88.47
88.48
88.51
88.52
88.56
88.59
88.6
88.62
88.62
88.66
88.69
88.7
88.7
88.71
88.71
88.72
88.73
88.73
88.75
88.76
88.81
88.82
88.83
88.88
88.91
88.92
88.93
88.94
88.96
88.97
88.98
89.0
89.0
89.0
89.0
89.0
89.0
89.0
89.0
89.0
89.0
89.0
89.0
89.0
89.0
89.0
89.0
89.0
89.0
89.0
89.0
89.0
89.0
89.0
89.0
89.0
89.0
89.0
89.0
89.0
89.0
89.0
89.0
89.0
89.0
89.0
89.0
89.0
89.0
89.0
89.0
89.0
89.0
89.0
89.0
89.0
89.0
89.0
89.0
89.0
89.0
89.0
89.0
89.0
89.0
89.04
89.05
89.11
89.12
89.15
89.17
89.17
89.18
89.2
89.24
89.24
89.26
89.26
89.28
89.29
89.29
89.29
89.3
89.31
89.32
89.32
89.32
89.33
89.33
89.39
89.4
89.41
89.48
89.52
89.53
89.56
89.58
89.63
89.64
89.65
89.66
89.69
89.71
89.75
89.76
89.78
89.79
89.79
89.79
89.83
89.86
89.88
89.88
89.89
89.92
89.92
89.92
89.92
89.92
89.93
89.93
89.97
90.0
90.0
90.0
90.0
90.0
90.0
90.0
90.0
90.0
90.0
90.0
90.0
90.0
90.0
90.0
90.0
90.0
90.0
90.0
90.0
90.0
90.0
90.0
90.0
90.0
90.0
90.0
90.0
90.0
90.0
90.0
90.0
90.0
90.0
90.0
90.0
90.0
90.0
90.0
90.0
90.0
90.0
90.0
90.0
90.0
90.0
90.0
90.0
90.01
90.02
90.04
90.05
90.08
90.14
90.2
90.21
90.24
90.25
90.25
90.27
90.27
90.3
90.32
90.37
90.39
90.39
90.41
90.42
90.44
90.48
90.49
90.49
90.55
90.55
90.57
90.57
90.64
90.65
90.69
90.7
90.73
90.76
90.78
90.79
90.79
90.85
90.91
90.92
90.93
90.95
91.0
91.0
91.0
91.0
91.0
91.0
91.0
91.0
91.0
91.0
91.0
91.0
91.0
91.0
91.0
91.0
91.0
91.0
91.0
91.0
91.0
91.0
91.0
91.0
91.0
91.0
91.0
91.0
91.0
91.0
91.0
91.0
91.0
91.0
91.0
91.0
91.0
91.0
91.0
91.0
91.0
91.0
91.0
91.0
91.0
91.0
91.0
91.0
91.01
91.03
91.04
91.07
91.07
91.07
91.08
91.09
91.1
91.12
91.13
91.16
91.17
91.2
91.21
91.21
91.25
91.25
91.25
91.28
91.32
91.33
91.34
91.36
91.38
91.4
91.43
91.45
91.46
91.47
91.5
91.51
91.51
91.51
91.52
91.54
91.58
91.59
91.61
91.61
91.62
91.62
91.63
91.66
91.67
91.67
91.69
91.73
91.83
91.85
91.85
91.85
91.87
91.88
91.9
91.92
91.92
91.93
91.95
91.98
91.99
91.99
92.0
92.0
92.0
92.0
92.0
92.0
92.0
92.0
92.0
92.0
92.0
92.0
92.0
92.0
92.0
92.0
92.0
92.0
92.0
92.0
92.0
92.0
92.0
92.0
92.0
92.0
92.0
92.0
92.0
92.0
92.0
92.0
92.0
92.0
92.0
92.0
92.0
92.0
92.0
92.0
92.0
92.0
92.0
92.1
92.1
92.11
92.13
92.16
92.17
92.2
92.21
92.25
92.27
92.29
92.3
92.34
92.36
92.39
92.44
92.44
92.45
92.45
92.49
92.5
92.52
92.52
92.53
92.54
92.55
92.55
92.6
92.63
92.65
92.7
92.75
92.78
92.81
92.83
92.84
92.85
92.89
92.91
92.94
92.94
92.98
93.0
93.0
93.0
93.0
93.0
93.0
93.0
93.0
93.0
93.0
93.0
93.0
93.0
93.0
93.0
93.0
93.0
93.0
93.0
93.0
93.0
93.0
93.0
93.0
93.0
93.0
93.0
93.0
93.0
93.0
93.0
93.0
93.0
93.0
93.0
93.0
93.0
93.0
93.0
93.0
93.0
93.0
93.01
93.02
93.02
93.05
93.05
93.06
93.06
93.08
93.1
93.14
93.14
93.23
93.26
93.28
93.28
93.29
93.31
93.4
93.4
93.42
93.43
93.46
93.53
93.53
93.57
93.59
93.62
93.63
93.67
93.67
93.69
93.7
93.7
93.73
93.76
93.79
93.81
93.83
93.85
93.85
93.87
93.87
93.91
93.92
93.95
93.97
93.99
94.0
94.0
94.0
94.0
94.0
94.0
94.0
94.0
94.0
94.0
94.0
94.0
94.0
94.0
94.0
94.0
94.0
94.0
94.0
94.0
94.0
94.0
94.0
94.0
94.0
94.0
94.0
94.0
94.0
94.0
94.0
94.0
94.0
94.0
94.0
94.0
94.0
94.0
94.0
94.0
94.0
94.0
94.0
94.0
94.0
94.0
94.0
94.0
94.0
94.0
94.0
94.0
94.0
94.0
94.0
94.0
94.0
94.04
94.05
94.06
94.06
94.1
94.1
94.12
94.12
94.16
94.17
94.17
94.18
94.19
94.24
94.31
94.35
94.37
94.38
94.4
94.41
94.41
94.43
94.43
94.45
94.46
94.48
94.51
94.53
94.55
94.55
94.55
94.6
94.62
94.62
94.64
94.65
94.65
94.73
94.74
94.76
94.76
94.78
94.81
94.81
94.81
94.83
94.83
94.86
94.89
94.91
94.92
94.93
94.96
94.96
94.97
94.97
95.0
95.0
95.0
95.0
95.0
95.0
95.0
95.0
95.0
95.0
95.0
95.0
95.0
95.0
95.0
95.0
95.0
95.0
95.0
95.0
95.0
95.0
95.0
95.0
95.0
95.0
95.0
95.0
95.0
95.0
95.0
95.0
95.0
95.0
95.0
95.0
95.0
95.0
95.0
95.0
95.0
95.0
95.0
95.0
95.0
95.0
95.0
95.0
95.0
95.0
95.0
95.01
95.01
95.03
95.06
95.07
95.11
95.11
95.11
95.12
95.12
95.14
95.15
95.15
95.15
95.18
95.19
95.2
95.21
95.22
95.23
95.23
95.24
95.25
95.28
95.3
95.32
95.32
95.32
95.34
95.39
95.4
95.4
95.41
95.42
95.45
95.47
95.49
95.53
95.59
95.62
95.63
95.64
95.66
95.67
95.69
95.7
95.7
95.73
95.73
95.74
95.75
95.76
95.76
95.76
95.77
95.82
95.83
95.96
95.99
96.0
96.0
96.0
96.0
96.0
96.0
96.0
96.0
96.0
96.0
96.0
96.0
96.0
96.0
96.0
96.0
96.0
96.0
96.0
96.0
96.0
96.0
96.0
96.0
96.0
96.0
96.0
96.0
96.0
96.0
96.0
96.0
96.0
96.0
96.0
96.0
96.0
96.0
96.0
96.0
96.0
96.0
96.0
96.0
96.0
96.0
96.0
96.0
96.01
96.05
96.05
96.08
96.09
96.1
96.15
96.19
96.19
96.2
96.23
96.25
96.26
96.28
96.3
96.34
96.36
96.37
96.37
96.38
96.38
96.39
96.42
96.44
96.45
96.47
96.47
96.5
96.51
96.52
96.61
96.62
96.62
96.65
96.67
96.7
96.72
96.75
96.77
96.8
96.82
96.82
96.82
96.84
96.85
96.89
96.89
96.9
96.91
96.92
96.94
96.97
97.0
97.0
97.0
97.0
97.0
97.0
97.0
97.0
97.0
97.0
97.0
97.0
97.0
97.0
97.0
97.0
97.0
97.0
97.0
97.0
97.0
97.0
97.0
97.0
97.0
97.0
97.0
97.0
97.0
97.0
97.0
97.0
97.0
97.0
97.0
97.0
97.0
97.0
97.0
97.0
97.0
97.0
97.0
97.0
97.0
97.0
97.0
97.0
97.0
97.01
97.04
97.04
97.11
97.13
97.14
97.19
97.19
97.19
97.19
97.23
97.25
97.26
97.3
97.31
97.35
97.36
97.37
97.37
97.38
97.39
97.4
97.42
97.44
97.44
97.47
97.51
97.53
97.53
97.61
97.62
97.63
97.67
97.73
97.73
97.79
97.81
97.85
97.9
97.95
97.96
97.98
98.0
98.0
98.0
98.0
98.0
98.0
98.0
98.0
98.0
98.0
98.0
98.0
98.0
98.0
98.0
98.0
98.0
98.0
98.0
98.0
98.0
98.0
98.0
98.0
98.0
98.0
98.0
98.0
98.0
98.0
98.0
98.0
98.0
98.0
98.0
98.0
98.0
98.0
98.0
98.0
98.0
98.0
98.0
98.0
98.0
98.06
98.08
98.1
98.12
98.12
98.16
98.17
98.22
98.28
98.29
98.29
98.33
98.34
98.34
98.35
98.36
98.38
98.38
98.39
98.44
98.47
98.47
98.49
98.53
98.56
98.59
98.61
98.62
98.62
98.63
98.65
98.68
98.7
98.74
98.76
98.79
98.79
98.8
98.83
98.84
98.85
98.86
98.87
98.96
98.97
98.97
99.0
99.0
99.0
99.0
99.0
99.0
99.0
99.0
99.0
99.0
99.0
99.0
99.0
99.0
99.0
99.0
99.0
99.0
99.0
99.0
99.0
99.0
99.0
99.0
99.0
99.0
99.0
99.0
99.0
99.0
99.0
99.0
99.0
99.0
99.0
99.0
99.0
99.0
99.0
99.0
99.0
99.0
99.0
99.0
99.0
99.0
99.0
99.0
99.0
99.0
99.0
99.0
99.01
99.05
99.08
99.09
99.1
99.12
99.12
99.12
99.14
99.14
99.15
99.16
99.17
99.19
99.2
99.21
99.23
99.26
99.26
99.29
99.29
99.29
99.34
99.37
99.38
99.39
99.4
99.41
99.43
99.43
99.49
99.49
99.51
99.52
99.53
99.54
99.55
99.56
99.57
99.57
99.59
99.6
99.62
99.64
99.65
99.66
99.73
99.75
99.78
99.84
99.87
99.88
99.91
99.96
