Number of comparisons made: 195198
0.0
0.0
0.0
0.0
0.0
0.0
0.0
0.0
0.0
0.0
0.0
0.0
0.0
0.0
0.0
0.0
0.0
0.0
0.0
0.0
0.0
0.0
0.0
0.0
0.0
0.0
0.0
0.0
0.0
0.0
0.0
0.0
0.0
0.0
0.0
0.0
0.0
0.0
0.0
0.0
0.0
0.0
0.0
0.0
0.0
0.0
0.0
0.0
0.0
0.0
0.0
0.0
0.0
0.0
0.02
0.03
0.06
0.06
0.08
0.1
0.13
0.16
0.17
0.18
0.2
0.22
0.23
0.23
0.24
0.26
0.27
0.28
0.32
0.33
0.34
0.35
0.35
0.38
0.43
0.44
0.46
0.49
0.52
0.53
0.54
0.58
0.59
0.59
0.59
0.59
0.6
0.63
0.63
0.65
0.66
0.66
0.67
0.72
0.73
0.74
0.74
0.76
0.77
0.78
0.8
0.81
0.82
0.82
0.83
0.84
0.86
0.88
0.94
0.94
0.98
0.98
0.99
1.0
1.0
1.0
1.0
1.0
1.0
1.0
1.0
1.0
1.0
1.0
1.0
1.0
1.0
1.0
1.0
1.0
1.0
1.0
1.0
1.0
1.0
1.0
1.0
1.0
1.0
1.0
1.0
1.0
1.0
1.0
1.0
1.0
1.0
1.0
1.0
1.0
1.0
1.0
1.0
1.0
1.0
1.0
1.0
1.0
1.0
1.01
1.02
1.04
1.07
1.08
1.11
1.12
1.14
1.19
1.25
1.26
1.3
1.35
1.38
1.39
1.39
1.41
1.43
1.44
1.46
1.5
1.5
1.51
1.54
1.55
1.58
1.59
1.63
1.65
1.67
1.68
1.7
1.71
1.73
1.74
1.77
1.79
1.8
1.83
1.84
1.84
1.85
1.85
1.86
1.87
1.87
1.88
1.92
1.96
1.97
1.99
2.0
2.0
2.0
2.0
2.0
2.0
2.0
2.0
2.0
2.0
2.0
2.0
2.0
2.0
2.0
2.0
2.0
2.0
2.0
2.0
2.0
2.0
2.0
2.0
2.0
2.0
2.0
2.0
2.0
2.0
2.0
2.0
2.0
2.0
2.0
2.0
2.0
2.0
2.0
2.0
2.0
2.0
2.0
2.0
2.0
2.0
2.0
2.0
2.0
2.0
2.0
2.0
2.0
2.0
2.0
2.0
2.0
2.02
2.09
2.1
2.1
2.11
2.13
2.14
2.16
2.2
2.22
2.3
2.32
2.32
2.32
2.33
2.35
2.35
2.35
2.36
2.36
2.37
2.38
2.39
2.39
2.41
2.42
2.43
2.44
2.5
2.55
2.62
2.65
2.69
2.71
2.8
2.81
2.82
2.86
2.86
2.87
2.88
2.9
2.97
2.97
2.99
3.0
3.0
3.0
3.0
3.0
3.0
3.0
3.0
3.0
3.0
3.0
3.0
3.0
3.0
3.0
3.0
3.0
3.0
3.0
3.0
3.0
3.0
3.0
3.0
3.0
3.0
3.0
3.0
3.0
3.0
3.0
3.0
3.0
3.0
3.0
3.0
3.0
3.0
3.0
3.0
3.0
3.0
3.0
3.0
3.0
3.02
3.04
3.05
3.1
3.19
3.22
3.23
3.23
3.23
3.27
3.31
3.37
3.37
3.37
3.38
3.41
3.42
3.43
3.44
3.47
3.48
3.5
3.5
3.52
3.57
3.59
3.61
3.63
3.63
3.67
3.68
3.69
3.73
3.73
3.81
3.87
3.93
3.94
3.94
3.95
3.95
3.96
3.96
4.0
4.0
4.0
4.0
4.0
4.0
4.0
4.0
4.0
4.0
4.0
4.0
4.0
4.0
4.0
4.0
4.0
4.0
4.0
4.0
4.0
4.0
4.0
4.0
4.0
4.0
4.0
4.0
4.0
4.0
4.0
4.0
4.0
4.0
4.0
4.0
4.0
4.0
4.0
4.0
4.0
4.0
4.0
4.0
4.0
4.0
4.0
4.0
4.0
4.0
4.0
4.0
4.0
4.0
4.0
4.0
4.0
4.0
4.06
4.08
4.09
4.1
4.1
4.14
4.16
4.17
4.19
4.22
4.25
4.27
4.3
4.32
4.33
4.39
4.39
4.4
4.43
4.48
4.51
4.52
4.57
4.66
4.71
4.73
4.75
4.78
4.78
4.79
4.82
4.82
4.84
4.85
4.88
4.89
4.91
4.94
5.0
5.0
5.0
5.0
5.0
5.0
5.0
5.0
5.0
5.0
5.0
5.0
5.0
5.0
5.0
5.0
5.0
5.0
5.0
5.0
5.0
5.0
5.0
5.0
5.0
5.0
5.0
5.0
5.0
5.0
5.0
5.0
5.0
5.0
5.0
5.0
5.0
5.0
5.0
5.0
5.0
5.0
5.0
5.0
5.0
5.0
5.0
5.0
5.0
5.0
5.0
5.0
5.0
5.02
5.02
5.04
5.05
5.05
5.05
5.08
5.09
5.12
5.15
5.2
5.2
5.21
5.21
5.22
5.27
5.27
5.29
5.29
5.29
5.3
5.33
5.39
5.41
5.41
5.42
5.48
5.48
5.48
5.49
5.49
5.5
5.53
5.67
5.7
5.7
5.74
5.75
5.75
5.76
5.77
5.78
5.79
5.79
5.82
5.83
5.83
5.85
5.86
5.86
5.87
5.87
5.89
5.89
5.9
5.99
6.0
6.0
6.0
6.0
6.0
6.0
6.0
6.0
6.0
6.0
6.0
6.0
6.0
6.0
6.0
6.0
6.0
6.0
6.0
6.0
6.0
6.0
6.0
6.0
6.0
6.0
6.0
6.0
6.0
6.0
6.0
6.0
6.0
6.0
6.0
6.0
6.0
6.0
6.0
6.0
6.0
6.0
6.0
6.0
6.0
6.0
6.0
6.0
6.0
6.0
6.0
6.0
6.0
6.0
6.0
6.0
6.05
6.07
6.08
6.08
6.08
6.09
6.09
6.17
6.18
6.18
6.21
6.22
6.22
6.23
6.24
6.24
6.26
6.29
6.34
6.38
6.39
6.4
6.4
6.44
6.45
6.46
6.47
6.47
6.48
6.55
6.59
6.59
6.6
6.62
6.62
6.63
6.68
6.69
6.69
6.72
6.75
6.75
6.75
6.76
6.8
6.83
6.83
6.86
6.86
6.87
6.9
7.0
7.0
7.0
7.0
7.0
7.0
7.0
7.0
7.0
7.0
7.0
7.0
7.0
7.0
7.0
7.0
7.0
7.0
7.0
7.0
7.0
7.0
7.0
7.0
7.0
7.0
7.0
7.0
7.0
7.0
7.0
7.0
7.0
7.0
7.0
7.0
7.0
7.0
7.0
7.0
7.0
7.0
7.0
7.0
7.0
7.0
7.0
7.0
7.0
7.0
7.0
7.0
7.0
7.0
7.0
7.0
7.0
7.04
7.07
7.07
7.1
7.15
7.17
7.18
7.2
7.22
7.24
7.32
7.34
7.37
7.38
7.39
7.39
7.41
7.42
7.45
7.46
7.47
7.49
7.49
7.5
7.53
7.53
7.56
7.57
7.58
7.58
7.59
7.61
7.62
7.64
7.69
7.69
7.7
7.71
7.72
7.74
7.77
7.77
7.79
7.87
7.87
7.89
7.92
7.93
7.95
7.95
7.96
7.97
7.98
7.98
7.98
7.98
7.99
8.0
8.0
8.0
8.0
8.0
8.0
8.0
8.0
8.0
8.0
8.0
8.0
8.0
8.0
8.0
8.0
8.0
8.0
8.0
8.0
8.0
8.0
8.0
8.0
8.0
8.0
8.0
8.0
8.0
8.0
8.0
8.0
8.0
8.0
8.0
8.0
8.0
8.0
8.0
8.0
8.0
8.0
8.0
8.0
8.0
8.0
8.0
8.0
8.0
8.0
8.0
8.0
8.0
8.0
8.02
8.02
8.06
8.06
8.07
8.08
8.1
8.1
8.1
8.1
8.11
8.14
8.15
8.15
8.15
8.16
8.16
8.19
8.21
8.22
8.23
8.23
8.23
8.25
8.31
8.31
8.34
8.38
8.42
8.43
8.45
8.47
8.47
8.49
8.5
8.56
8.57
8.58
8.6
8.61
8.63
8.64
8.66
8.67
8.67
8.68
8.73
8.78
8.82
8.82
8.83
8.89
8.89
8.92
8.92
8.92
8.92
8.95
9.0
9.0
9.0
9.0
9.0
9.0
9.0
9.0
9.0
9.0
9.0
9.0
9.0
9.0
9.0
9.0
9.0
9.0
9.0
9.0
9.0
9.0
9.0
9.0
9.0
9.0
9.0
9.0
9.0
9.0
9.0
9.0
9.0
9.0
9.0
9.0
9.0
9.0
9.0
9.0
9.0
9.0
9.0
9.0
9.0
9.0
9.0
9.01
9.03
9.03
9.07
9.08
9.1
9.17
9.17
9.18
9.19
9.21
9.23
9.26
9.26
9.27
9.33
9.33
9.34
9.35
9.35
9.44
9.48
9.5
9.5
9.52
9.56
9.56
9.56
9.58
9.6
9.61
9.64
9.64
9.67
9.68
9.68
9.73
9.73
9.73
9.73
9.74
9.76
9.83
9.83
9.85
9.9
9.92
9.96
9.97
10.0
10.0
10.0
10.0
10.0
10.0
10.0
10.0
10.0
10.0
10.0
10.0
10.0
10.0
10.0
10.0
10.0
10.0
10.0
10.0
10.0
10.0
10.0
10.0
10.0
10.0
10.0
10.0
10.0
10.0
10.0
10.0
10.0
10.0
10.0
10.0
10.0
10.0
10.0
10.0
10.0
10.0
10.0
10.0
10.0
10.0
10.0
10.0
10.0
10.0
10.0
10.0
10.0
10.0
10.0
10.0
10.0
10.02
10.06
10.13
10.14
10.14
10.15
10.19
10.21
10.22
10.23
10.24
10.27
10.28
10.29
10.31
10.32
10.35
10.39
10.4
10.4
10.42
10.46
10.46
10.46
10.47
10.49
10.5
10.56
10.57
10.6
10.63
10.63
10.65
10.67
10.68
10.72
10.73
10.75
10.76
10.8
10.81
10.84
10.87
10.9
10.91
10.95
10.97
10.98
10.99
11.0
11.0
11.0
11.0
11.0
11.0
11.0
11.0
11.0
11.0
11.0
11.0
11.0
11.0
11.0
11.0
11.0
11.0
11.0
11.0
11.0
11.0
11.0
11.0
11.0
11.0
11.0
11.0
11.0
11.0
11.0
11.0
11.0
11.0
11.0
11.0
11.0
11.0
11.0
11.0
11.0
11.0
11.0
11.0
11.0
11.0
11.0
11.0
11.0
11.0
11.0
11.0
11.0
11.0
11.01
11.07
11.09
11.09
11.14
11.16
11.16
11.16
11.17
11.18
11.19
11.21
11.21
11.21
11.26
11.26
11.28
11.29
11.33
11.38
11.38
11.43
11.44
11.49
11.5
11.52
11.53
11.57
11.6
11.62
11.64
11.66
11.67
11.67
11.69
11.69
11.7
11.72
11.72
11.74
11.77
11.78
11.78
11.79
11.81
11.85
11.85
11.87
11.88
11.88
11.93
11.94
11.97
11.97
11.98
11.99
11.99
11.99
11.99
12.0
12.0
12.0
12.0
12.0
12.0
12.0
12.0
12.0
12.0
12.0
12.0
12.0
12.0
12.0
12.0
12.0
12.0
12.0
12.0
12.0
12.0
12.0
12.0
12.0
12.0
12.0
12.0
12.0
12.0
12.0
12.0
12.0
12.0
12.0
12.0
12.0
12.0
12.0
12.0
12.0
12.0
12.0
12.0
12.0
12.0
12.0
12.0
12.0
12.0
12.0
12.0
12.01
12.04
12.04
12.07
12.12
12.13
12.15
12.21
12.22
12.22
12.26
12.27
12.28
12.29
12.32
12.38
12.4
12.4
12.42
12.44
12.46
12.47
12.49
12.51
12.51
12.52
12.55
12.58
12.6
12.62
12.64
12.64
12.65
12.66
12.66
12.69
12.7
12.71
12.72
12.8
12.8
12.82
12.87
12.89
12.95
12.95
12.97
12.98
13.0
13.0
13.0
13.0
13.0
13.0
13.0
13.0
13.0
13.0
13.0
13.0
13.0
13.0
13.0
13.0
13.0
13.0
13.0
13.0
13.0
13.0
13.0
13.0
13.0
13.0
13.0
13.0
13.0
13.0
13.0
13.0
13.0
13.0
13.0
13.0
13.0
13.0
13.0
13.0
13.0
13.0
13.0
13.0
13.0
13.0
13.02
13.07
13.07
13.07
13.09
13.09
13.09
13.11
13.12
13.14
13.14
13.16
13.17
13.18
13.18
13.2
13.21
13.22
13.25
13.25
13.27
13.28
13.31
13.33
13.35
