47.04
37
51.6
58
93
58.17
37.89
89
98
70.77
8.31
87.56
71.8
35
90
78.98
86.72
29.8
0.49
23
58.32
86.92
37
76
72
71.32
62.14
69
26.51
21.19
95.7
21
64
15
66
75.15
50.02
0.18
0
34
61
89
84
25.69
5
48
3.38
23
3.1
57
67
95
43.24
56
84
65
89.41
7
71
83.96
75
73.73
33
88
23
19
99.19
23
17.32
84
81.41
19
97
29.51
54.34
89
8
49.26
60.51
74.57
40
17.39
83.87
89
49
83
9.92
85.24
2
49
85.02
48
90
41
83.76
13.88
89
2
88
20
96
52.41
31.22
41.53
65
39.87
18
74
75
96
25
88
90
39
44
27
27
0.54
94
68.75
94.53
34
49.11
52
45.16
62
30
74.48
89.17
44.13
69
68.33
29.85
88.56
98
8
88.31
24.93
3
99.21
71.1
43.75
3
32
7.07
94
61.05
22
64
28
66.66
77.59
99.37
71
0.94
94.62
93.26
16.59
76
17.66
82
68.93
72.95
70
49.31
87
6
64
61.04
68.57
36.29
10.14
44
19
11
69
10.46
56
93.02
49.16
67.15
79
91
24
36
37.39
8.92
70
11
13
54
95
46.24
4.39
59
16.82
49
80.56
92.44
62.42
0.82
3.43
63.49
5
55
42
63
49
62.61
44.74
47.9
86.69
49
36
48
77
16.78
88
55
73
58.29
98.29
86.02
13
35.58
86
47.77
23
99
11.21
1
2
71.32
83
37.14
92
93
63.58
4
95.73
77.72
22
4.57
82.9
4
64.85
22.67
1.85
30.0
31.96
15
66
20.33
95.15
84
15
89.78
83.45
94.06
66.5
6.23
99
24
41
72.21
49.4
5
31
65
57.7
76.67
40
26.44
75
68
46.08
26
84
13.22
58
79.77
27.28
72.57
58.88
70
23.59
11.21
11
50
67.38
38.89
28.36
44.24
63.2
68
40
69.27
47
74.92
33
22
64
50
11.81
57
52
11
19
55.84
36
87
49.49
63
71
83
84.67
41
25.16
94.51
9
4.75
39
15
27.49
56
41.71
2
37.68
45
81
47
43
4
1.58
93
47
40
61.05
29.66
62.4
70.29
36
80
0.63
46
36.16
79
11
53.23
53.78
55
91.01
81
72.87
8.89
34
57.46
93
64
70.38
37.37
75
78
94.86
30
25.6
83
99
16.01
60
23.66
12
77
88
45
57.91
75
38
96
81
77
19.1
31.87
85
32.7
28.06
60.49
7.34
77
99
80
39
32.11
85
95.01
69
59.74
87
4.89
28.54
37.01
1
65
24
52.03
28
0.27
50
67.48
23
33
80.38
67
10
20
70.86
39
64
71.31
19
16.83
53.31
83.12
5.49
6
37
3
84.31
43.47
61.17
48
52
40.07
66
64
72
94
58
2.8
54.35
42.91
86.3
99.84
39
41
84
11
89.92
94.43
57
64.52
23
83.29
83.34
88
79
27.97
64
95
47.04
8
46
66
47
62
59
84
96.51
7
15
17.74
30
30.4
99.53
84.59
81.42
51.37
8.92
5
86.01
14.25
68.94
42
44
29.9
8
19.53
84
50
70
86.66
53
59.8
59
18
62
65
78
24.37
3.23
64.49
32.37
24.1
50.25
75
56
79.03
4
92
50
43
45
54.27
67.92
84
85.68
37
18.36
9
33.04
74
7.87
28.98
82
4.3
84
57
16
68.56
44.12
34
60
69
34
40
16
49.03
92
72.88
77
40.54
51
72
93.95
36.64
86.17
97.19
8.16
92.21
56.26
32
11.74
19
91
4
69
14
96.9
89.32
23
57.05
60.47
31
71
57
45.64
26.56
99.41
11.07
73
65
9
93
72
1.87
49.54
57
58
82.25
54
1
78.56
49
93.31
22
62.5
69.56
64.82
42.66
33.71
39
81
10
31
16
27
81.19
75.34
36.56
57.46
88.15
91.21
69.78
24
77
8.31
76.33
85.9
10.46
11.44
52.02
53.47
37.52
48
73.88
89
31.61
47
5
48
85.9
96.61
68
66
1
99.17
60
55.31
23
46
80
79.06
90.95
18.28
97.95
96
11
13
32.22
80.16
39.71
35
35
28
68
95
91.07
92
49.88
59.74
19
22.7
93.14
76
88.6
36.34
36
77.44
20.23
81.67
58.58
4.17
30
56
32
89.52
91.62
13
75
18.3
11
87.74
32
14.43
97
64.96
41.15
15.04
7
82
16
6.24
88
25
6
41
58
39
12
3
96.1
94.1
96.3
24
87.91
18.63
30
57.32
62.32
51
4
8.08
97.51
61.99
24.76
44
7
92
87.48
59
3
36.69
61.96
64.73
65
47.09
7
89
83.96
95.39
5.05
50.12
72
79
86.77
8.67
69.71
59.38
83
54.33
20
94.91
8.15
33
89.39
14
55
19.19
1
45.58
49
0.08
21.14
87
98
36
47.34
91.85
51.72
82.85
51
25.8
53
24.67
24
18
75
26.58
9.76
20
23
55
80.44
48
48
35.84
56
13
28.76
83
45.9
9.85
33.43
43
91
0
27.98
42.61
61
38
16.83
58.25
85
72
27
55
94.97
50
61
31
54.31
86.68
51.33
40
26.96
55.83
71
74
70.13
65.1
36
35.81
38
78
2
2
7
38
21.95
93
59.28
67
41.91
88.11
8
83.48
49
58
92.16
74
95.3
23.59
25
40
71
69
18.84
33.81
4.66
6
80.51
94.62
6.55
81
93.53
65.52
46.81
49
56
23
13.11
65
81.75
29.59
89
0
47
21
21
39
57.75
94
83.13
22
20.56
18.04
89.66
27
86
54
96
56.86
64
93.83
25
63.94
66.27
55.18
66
71.28
96.19
70
52
56.38
13
33
64
2
32
29.28
53
48.47
85
83.59
66
11
72
6
71.76
75.73
91.73
23
75.55
16
47.04
53
99
2
45.07
63
30.09
77
35.52
44
51.45
10
14
56
30
15.6
45
5
96.47
78
91.61
96
44.5
48
71
36
2
10
26
35
8.06
97.39
1
75
46
92
6
71
68
14
7
20
71.98
28.7
99.12
96.47
2.81
55
20
7.79
89.64
43.7
20.61
9
13.7
56
61.19
3.73
54
76.15
79
52.68
79
21
62.97
97.53
84.71
3.37
85
34
27.13
25
63
96
1
22.87
26.58
17
73
74
8
81
87
84
39
87.15
22.69
75.7
17
29
72.88
90.49
71
57
79
44.53
37.15
59.72
14
71
90.49
34
7.46
99
44
69.26
8.49
81.28
19.05
79
80.87
40
0.06
70.15
97.73
72
8
83.11
43
20
21
47.25
41.1
19
18.48
62.21
77.79
36
89.26
63.95
61
37.93
72
64.38
73
1.46
27
91
6
44
53
1
20
4.19
64.86
12
48
67.75
5
30.93
24.68
84
20.97
48
33.53
30
19
0
20
89
4.82
52
1
75.66
74.44
56
50.46
80.5
72
34.12
94
45
15.51
73.89
76
81
21
24.96
91.66
48.21
74
38
25
80
24.44
40.2
5.82
67.52
6
66
69
35.45
0
78.32
1
51.76
92
0.33
24.23
94.93
55
99.62
85.7
56
50
47
47
58
64.41
97
83
93
59
93.57
2
1
24.91
39
54
72.47
77
80.81
76
63.43
80.68
76.79
55
67.39
54.76
26.87
97
15.12
66.54
45
84
2.32
97
11.38
87
51.72
78
89
43
16
91
87.04
63.72
68
0.03
88
94
87.84
14
2
88.88
69.58
85.15
97
20
64.38
83
88
51.74
26.14
1
81
60
72.82
76.74
51
38.54
29.94
5.12
51
85.1
83.68
71
8.92
47
68
40
59.16
10.47
2
17.5
26.44
63.49
17
15
91
70.58
54.52
85
56.3
43.2
11.85
27.79
90.25
52.96
58
93
44.87
58.73
62.35
17.88
65
42.64
6.45
53
50.02
28.5
11
51
93.08
58
81.36
72
51.82
34
19.64
66
54
81.68
47
56
93.67
10
11.57
87
50
57.41
44
52
61.78
41.35
0
92
24
44.81
1.07
46.61
4
16.51
34
25.92
39
68.3
0.28
12
82.59
50
3.47
71.72
7.38
74.61
37
35.0
82
36.78
16
20
57
44
21.21
58.68
61.85
56
85
62.06
33.53
99.0
50.35
7
47.13
9
49.26
91.2
47.46
26.22
78.63
78.77
83.85
47
40
21
96
47.28
98.8
95
8
79.91
73
36.53
93.23
18
6.9
25
58
25
0.52
65.63
59
41
72.78
11.52
80.64
48
79.16
19.65
19
72
20.83
60.22
72
17
94
60
66.05
42
54
62.78
48
64
62
70
23
63.29
41.64
55.76
95.53
13
13.65
10.19
82
86.17
30
21.54
69.75
30.09
87
6.47
11
86
35.47
20
60
84.21
48
89
42
15.84
55
46
68
89.24
38.86
55
21.28
48.99
10.4
7
33
55
47
83.87
64
45
75
42.51
76
28
37
29
91.99
7
50.7
89.92
24.81
24.0
83.55
74
71
89
68.61
60.33
56.52
45.85
32.21
2
64
18.06
4
38.02
48.29
5
94
56
65.34
62.95
44.67
58
58
1
67
70
76.55
52
87.88
87
93.76
47.34
44.22
40.91
90.25
77
70.4
33
72.53
9.64
64.16
96.82
10
84
36.1
34.11
92
21.03
19
36
23.31
79.49
38
55.41
77
12.8
54
59
12
24
67.09
76
90
38
32.01
41
84.66
13.09
49
92.29
6.86
63.52
48.44
36.31
54.94
1
16.06
52
12
6.8
39.45
21
56
44.05
84.26
47.88
5.89
54
21
95.67
40
31.26
98.1
6
26
91.51
32.36
86.56
50.23
71.67
27.99
63
76.46
59
9.83
1.43
50.09
10
72
76.09
81.26
89.83
28.31
60
3.37
17.92
20.02
47
77.97
35
53
78.99
40
7.56
89
91.51
57.05
41.93
9.67
7.37
96
30
3.31
24.49
12.22
25
42
6.46
99
80
78.09
70
70.65
62
40
89.92
19
94.48
41.39
71
42.14
91
55.3
22.11
15
23.41
51
38.23
79.37
25.73
95
40
44
83
96.36
30.49
75
38
3.94
2.38
57
39.56
46.78
66.93
33
23
53.55
24.85
96
26.91
0.43
43.02
79.1
47.67
24.18
30.49
45
63
35.5
25.64
67.88
39
71.63
45
53
10
23
99
34
61.54
5.76
67.41
23
33
99
21.96
26.8
54
80
79
24
29.19
92.49
80.01
39.75
10
69
29.28
12
36.92
66.28
65.39
79.4
45.61
96
85
69
73
60.89
53
45.44
67
51.6
70.87
62
50
81.33
0
82
6
56
14
41.14
12
7.24
23
33
73
89.97
70
5
27
51.87
20.41
25
37
95.32
51
47.01
94
91.38
88
41.14
27
81.87
2
64
11
40.82
49.07
52
71
80
85
9.35
39
1
75
49.31
96.05
42
50.4
82
20.11
50
40
86
6.17
91.54
64.68
58
59
45
16
60.71
40
82.25
67
84
12
31.35
31.79
80.09
92
23.94
70
28
9.27
80.97
34.38
79
51.41
47
1.5
32.26
83
75
14.23
90
76.16
74
11
78.04
40.55
85
89
43.65
76
38
44.75
18.57
66
50
72.04
88
16.9
65
68
69
82.5
59
22.87
32
98.59
81.93
1.14
42.57
54
20.19
16.35
47
99
6.4
97
75.29
16.67
8
16
58.91
97.26
76.36
25.6
58.33
87.33
55
30
27
92.13
14.04
96.38
68
69.51
8
73.23
48.61
61.16
33
94.74
47.71
86
76
22
25
89
21.23
2.35
77
30.26
44.16
8.22
8.25
32
41.19
19
33.02
23.22
54.25
29.36
48.3
9.64
47.84
27
89.24
95
25
16.09
25
7
55.03
60
56.28
0
86
94.16
67.67
40.2
68.88
21.72
87
94.55
65
34
26
66.01
10.95
48
0.2
37
39
25.73
56
5
53
7.58
28.57
56.26
60.99
75.79
3
72.8
53
20
42.64
59
79.18
51
7
76.96
11
2.37
71
65.76
83.07
82
48.68
45
14.46
64
65.26
48
48.15
12.51
38
71.31
49
58.7
25.19
12
38.94
19.73
68.71
91
38.69
44.9
12
8.92
75.23
19.33
35.25
82
78
11.19
90
23.43
20.29
69.81
16
44.48
89
2
47.95
98
28.48
9
0.59
15
71.61
62.3
12.38
73.97
0.86
50
68
26
97
19
67.92
86
30.24
0.74
59.42
85
57.19
95
59.28
9.68
77
18
66
70.62
31
99
14
29
40.9
98
97
41.7
81
50
56
86.03
79
84
86.89
58
57
96
45.67
15.78
8
1.11
21
88.47
29.49
82
73
33
89.92
45.59
66
51.04
58
40.66
86
4
46
67
86.32
11.99
75.69
84
82.76
96
0.46
94
67.59
34
8.5
84.09
75.38
81.46
37.11
14
68
10.5
7
45.22
48.65
10.72
7.18
30
14
73.63
77.22
94.81
90.64
61.08
26
21
38.81
45
89
26
55.77
64
88.73
47.96
7
2
51.44
86
62.56
60
56
14.53
13
27
99.14
15
6
46.49
81.82
73
54.18
52
90.79
62.65
19.86
16
1.92
20
11
99.51
16.02
59
83.71
7.98
89
38.49
48
46.89
44.97
29
37.37
85
7
7.77
52
76.41
1
78
43
38
12.66
57
69.1
10
10.56
86.01
30.78
0
81.69
29.13
45
23.59
48
56.93
86.45
85
95.23
23.71
94
79
33
25
96
38.97
82
47.74
28.63
88.23
67
15.02
81.65
32.78
39.15
96
47.04
40.98
83.2
79
64.16
76
6.26
82
44.81
31.6
59.03
12.15
39.84
55
9
69
91
15
20
55.02
66.33
12
35
93.4
11
85
67.82
45.31
63
26
84
47.38
35
2
47.6
98.12
0.6
37
63.04
80
37.34
32
96.38
58
43.38
79
80.82
71.42
87
29.89
57
30.46
14.43
60.97
22
18.31
5
96.23
69.18
77
20
49
29
8
58
69.64
20
84
60
63.38
0
9
41
57
61
52.89
39.19
50.46
91
19.92
80
1.86
35
34
44
83
54
7
32
15.78
76
42
11.98
37.41
75.09
28.66
27
83.37
42
54
22.06
27.81
2
93
7.61
93.53
33.51
80.67
75
32
30.03
9.56
92
39.27
63.29
73
30.84
46.13
10.21
85.76
1.3
19
71
66.95
12.49
20
13.25
60.85
88
94
59
86
42
64.05
34.29
49
22
57.98
99
56.57
49.76
30
81
20.76
5
64
2
39.61
31.96
36
83
89
93.91
27
89.29
26.33
29
54
83.26
62.9
58
71
87.22
64
51.55
61.28
60.12
60
85
60.39
43.76
4.51
94
33.01
35
1.77
82
57.38
63.66
95
34
53.26
83.59
9.96
69.58
52
64.43
4
42.57
57.95
11.29
11.77
73.43
13
74.16
32.95
44
9
80
87.07
90
50.52
31.53
74.3
72.43
33
26.78
36.05
41.4
17.36
38
11.87
27.18
24
46
82
85
60.15
7
24.36
43
45
33.47
77.46
32
74
54
43.26
67.48
91
65
82.84
84
79
9
23.91
93.29
17.3
70
48
53
42
25
23.61
91.07
75.32
59
92.52
31
65.29
77
33.21
7
7
78.46
8.58
87.34
57.28
13
36
7
69
97
84.95
66
18
49
12
36.32
38
89
28
54.83
26
77.26
47
44
50
25
6
51.13
87.57
54.66
11
63.43
87
16.39
72.84
55.22
6
20.52
29
34.25
21.64
19
81
95.32
87
17.6
96
15
76.91
65.25
42.75
73.39
57
55
10
3.61
58.12
1.02
26.55
55
79.71
71.57
94.31
6
45
9.03
33.65
96
99.96
54.94
59.5
8
71.33
2
14
9.44
62.46
3.94
68
76
98.76
83
59.73
44.11
78
96.91
50.01
46
97
19
33
5.87
49
23.97
94.1
94
31.76
77.3
61.72
98.61
70.42
1.08
23.91
59
61
93
44
46
71.31
49.91
79
59.96
94.41
3.73
11.14
6
65
79.98
1
97
11
67
60.38
48
54
12
17
69
56.09
36.66
54
25
97
49
89
93
95.96
15
27.08
32.37
14.28
22
16
83.5
65
37.9
85
72
68.42
44.22
75.68
58.69
76
56
17.09
25
84
54.99
4
64
53.1
14
77.73
14.47
48.46
36
36.14
36
66
71
5.75
37.5
95.19
50
70.49
59.65
80
86
20.75
75
55.14
64
8
87
38.41
49
58
70
62
39.6
84
49
58
22.06
4
21
96
2
4.79
74.85
18
89.53
24
85
24.71
7.53
35
1.51
78
87.37
74.2
42.7
75.74
64
56.41
7.74
82
33
28
71
86
45
35
39.98
50
42
86
96.65
2
75.44
20.68
46.71
0
95
17
99.12
41.04
33.85
55
28.46
0.17
40
53.77
20
94
73
89.32
90
48
61
55
82.95
44
12
75
30.53
91.63
75.83
54.47
21
89
36
75.26
43
28
56
16
71.56
52.37
92.94
95.28
52.34
55.82
32.18
85.61
76
36
53
58.69
70.15
1
44.52
69.1
48
55
42.02
96
24.03
17
64.83
18
68.1
93
17
84
16.73
45
89
27
81.69
4
67
25.89
99
94
93.59
63.88
43.14
84.53
61
72.49
83
16.0
83
80.67
75.51
38
60.36
58.9
66
44
1
66.79
78
19
88
26
53.37
32.42
17.35
89.86
47.09
89
70.19
34.87
16
5
36.46
85
96
47
85.34
78.74
85
70
18
89.11
8.06
55.75
65.62
62
2
76.59
73.63
54.53
3.96
71
3.68
93.69
65
86
68.02
73
51
5
98.62
62.03
99
7
61
55
2
85
65
2
58
72.25
46
70.28
43
46.1
60.22
70.31
66
71.01
54.82
58.14
71.11
6
0
20.79
2
27
75.8
75.19
79.28
99.15
78
60
63.75
9
47.12
24
80.55
84
44
81.86
65
70.68
7
51
16.41
91.99
52.18
44.02
62.62
23
43.25
25.5
23.24
78
22
53
16.06
52.52
23
10.35
44.85
24
28.77
80
6.68
91.21
84.16
24.2
95.21
2.9
85.34
17.08
76.67
97
1.97
7.93
41.15
66
64
7
18
39.22
49.28
97
44.51
44
61
53
73
75.23
23
43
64
27.84
62
76
13.52
49
6
77.19
7
54.54
61
14
43.19
48
98
99
88.76
70.59
86
84.16
34.27
10.73
17
71.62
12.12
68
68.88
97
5
79
80.34
78.91
31
48.0
90
3.37
87
61
62
33.54
63
0
94.96
29
64.04
38
63.88
34.05
86
88.97
73.77
33.11
1
98.86
46
2
2
34
40
13.5
85.02
89.93
4
45
51.88
81.98
94
64
78.77
46
39
52
32.68
16
60
30.82
61
49
92.63
56.43
24
17
48
45.12
88.07
2.36
18
27
56.82
34
17.64
1.88
63
68.29
49.48
74.42
52
88
57
10.49
18
79
94
28.51
3
44.51
43.2
83
80.46
44
62
24.26
72
14
46
88.51
31
29.89
81
71.1
83.9
41
22
81
85
68.08
59.96
73.45
89
41.06
31.43
11
76
11
53.82
81.89
58.45
42
22
49.34
92.55
70.5
33
5
16.48
72
67
29
83
95
3
22.26
61
91.43
26
54.98
2.35
79.91
21.2
73.03
19.37
60.8
65.09
43
13.18
85.97
4.71
95.82
70
25.07
68.14
90.85
21.75
8
15
81
29
36
83.43
96.42
60
90
82
24.46
85.91
37.6
97
32.39
40.55
35
22.77
62
57.53
76.92
94.0
60.59
99
47.87
33.71
42
43
56
13.09
85.37
62.21
15
72.55
27.47
65
45.15
85
96.89
44
95
18.82
25
83
25
41.5
90
61
7
59
68.25
84.58
35.91
82
70
42
95
80
99
25.5
30
15
49
71.92
86.14
21.84
80.42
72.64
23.68
11
2
76.4
69
94
78.72
63
83.79
79
8.47
99
78
60
14
28
70.53
34
46.46
91.0
90
82.65
58.66
40
71
1
1
64.8
38
29
70.99
73.69
53
63.37
44
74.04
54.85
99.78
49.82
94.18
65.78
67.62
64.27
98
45
70
88.81
43.59
72.51
72
75.5
88
23.36
3.63
24
77.43
16
18.37
47
4
31
79
52.42
94.78
34.37
13.85
25.99
7
20
86.2
13.42
23
65.12
82.63
7.58
52
29.48
37
6.69
55
64
77.13
28
59.96
25.65
40
37
43
57.65
32.68
97.81
66.89
86.76
9
81
57.23
83.26
97.67
84
4
35.95
83.77
5.48
74
30
22
75.67
22
80.63
46
84.74
17.41
10
12.71
65.86
16
94.55
48.74
47
39.89
71
89.18
73
11
91
19
77.12
70
72.03
11
6
69
49.83
93
1.39
48
34.53
91
88.71
15.34
66
63.17
61
24.24
75.85
4
96.26
64
22
0.74
80
11.53
45.38
5
10
38.92
18.35
3
24
99.52
3.81
72.19
60
4.39
69
14.01
49.97
30.38
91
23
20
28
26
86
99.34
61
52
74
36.52
91
25.63
14.67
52
23
89.48
25.31
17
74
39
6.18
58
23
42.47
65
94
81.2
33.77
13.28
47
78
45.09
12.52
64
85
63.04
33
77.69
9.73
64
34.8
94
63
9.26
47.3
94.81
50
65
36.86
62.64
22
79.15
28
79.02
49.2
50.6
90.32
70.3
41.59
77
94.37
98.74
11.64
43
82
41
55.01
4
41.8
26
89
80
33
84.65
54.93
54
72
59.96
7.98
88.73
64
54
30.03
26.7
69.41
71
2
92.81
79.42
23.72
98
44.8
28
89.33
86
48.01
89
53
43.99
41
93.79
1
92.83
43
83
98
92.44
25.2
77.97
10.29
41
5.29
54
94
13.44
52
16.09
37
23.61
80.49
17.5
97
47.16
0
67
42.15
98.47
39.0
95
66
53.93
66.36
14
11.6
83
97
45.34
52.82
93
4.22
36
4.85
38.18
25.23
23.9
35.33
94
53.55
3.63
57
1
6
44
3
92
45.48
66.12
22.55
37.4
21.36
43.93
47
55.96
75
72.1
99.49
65
45.99
96.77
71
67.94
14.14
79.15
77.99
34.81
16.64
46
52
91
36.25
94.05
18.95
66.13
22.8
26
5
31
76.38
16
58
61
49.03
92
0
65
51.95
60.53
9.26
77.21
18
30
22
95
6.29
42.02
8
67
80.1
4.14
13.95
12.13
32.79
30
28.17
21.71
95.12
27
67
83
50.53
95
28.06
72.14
17.49
29.74
47.24
18
59
59.55
48.31
92.17
53
57
67
91.92
44
97
87.89
24
3.19
90
63
49
62
92.65
66.96
37.76
15.99
24.28
30.9
65
10.76
65.33
76.09
53
74.51
92.94
11
21.78
43
76.44
77.94
87.56
33.88
24
11
10
70.89
55
4
80
41
39
90.08
62
94
70.21
13
18.8
64.07
13.21
5.75
73.52
64
34
33.42
40.64
84.27
77.95
88
93
53.92
33.08
14.23
35.02
45
66
80.37
86
19
45
24
61.77
14.49
23.3
44.75
0
91.09
17.55
50
91.92
32
53.41
81
87.48
5.67
82.63
74.64
59.01
48.67
12.66
75.89
13.62
13
20.41
29.0
31
42.56
4.94
35
41
55
5
71.66
45.12
16
66.79
10.75
87.66
13
61
11.16
78.97
66
86.12
6.24
67.9
3
68
79.17
20.62
54
65
85.24
95.75
54.57
26
55
79
13
32
19.45
58.27
0.98
62
45.17
98
95.11
76.19
51.95
69
18.17
34.35
34
52.51
0.32
59.26
19.91
62
20
62.42
28
20
57
5
66
66
27.55
95.01
27.45
45
43.59
21
78.69
24
98.7
94
82.83
10
78
29
67
38.52
2
55
17
19
67.16
27
53
85.83
31
55.45
8
9
85
49
50
66.69
15
76.67
33.05
7.77
57.88
71.87
15
49.12
27.28
30.65
37.1
65
28
13.55
70
60
63
6
25
85.4
44
34.4
6
75
45.91
98
97
55
83.89
56
4
37.34
34
66.6
7
19
82.62
88
92.39
41
78
96
25.39
79.4
51
15
81.78
53.83
11.62
70
79.35
70
23
97
38.51
14.99
97.79
72
59.41
38.3
6
11.38
54
19.2
53.1
25.03
45
7
85
25
68.51
97.63
12.97
64
55.56
36.02
53.32
42
35.4
57.33
21
38
84
11
8.64
76
5.29
20
33.84
24
65.82
66.48
5
94.76
69.09
10
59
24.03
6
92.1
20
27
64
67
13.07
62
86.55
81.14
58.26
99
85
61
4
99.08
15.52
88.94
89
12.22
2
42.6
51
23
34
65.14
91
16.8
68
97
5.22
9
13.37
43.18
31.17
49
21
93
7.95
67.78
31.06
86.81
20.46
3
71
2
83.66
80
54
22
43.43
66.86
76
15.23
58
42.7
45.85
83
71
5
78.29
2.2
19
63
11.26
96.01
19
42.97
21
55.53
25.16
52
3
90
78
66.65
1
57
73.53
89
58
36.06
64.96
40.41
53.54
60
50.16
43
92.55
78.7
36.36
51.08
72.0
82.29
91
53
79.71
29.53
16
31
51.26
77.46
68.84
84.03
63
60
86.46
9.18
0
53.15
40
24.62
77.73
41.17
52
24
55.29
37
54.96
54.41
63
95.76
63.99
54
50.06
47
65.67
30
84.63
63.1
97.3
11.85
42.26
15.37
92.7
35.36
66
47
53.16
60.36
49
78
50
34
75.06
19.68
37
79
3
42.68
20
57
56
89
78
29
12
33.94
13.88
68
21.67
68.37
57
63
55.35
19
7
80.91
0
40.19
15.64
28.7
34
45.6
72.04
96.09
58
73.58
86
52.82
8
35
6
42
5
42
57.1
65.2
0
92.2
5.42
26
16
63
45.92
86.52
6
27
43
64
82.7
72
53.33
24
18
12
61
50
4
84.73
15
66
10
55
25
83
94.83
77.81
64.31
34.2
84.46
23.39
17
92
94
23.89
94
38.85
66.41
84
57.96
5.27
78.92
54.97
22
6.75
7.39
98.83
6
64
21
30
28
83
33.09
81
16.95
24
36.89
86.77
18
70.54
74
60
13
13.36
95
2
73
70.03
50.16
96.2
41
52.17
23
36
94
96.45
40.11
76
50.11
6.05
85
97
10.31
55
49.76
88
26.33
80.0
84
78
56
31.14
38.11
36.84
40
47.98
78.47
90
75.75
6
38.86
74.96
68.71
38
44.59
83
93.85
50.36
45.25
51.14
94
22.45
69
79
63
44.17
47
98
29
56.94
9.35
63
52.38
92
29.31
12.82
20.83
58.85
12.04
26.12
14
95.62
87.49
18
86.55
53.77
66.1
91
35.26
30
90.57
12
67.91
64.24
19
1.65
68.12
57.41
50
87.69
24
91.07
40.38
77
81.15
92.91
13
85.82
45
74.15
75.15
67
68
79.43
55
1.25
60.51
6.21
56.42
55.21
32
98.44
76
7.32
36.26
95
69
34
88
83
72
9.03
19
6.22
28
5
23.99
30.01
60
33
26
61
29.38
96
61.86
79
84.31
80.89
90
51
16.8
48.71
87
71.76
29
14.46
29.86
4.78
0.72
64.51
57.18
61.11
80
79.96
99.29
25
24
61
23
30.47
57.26
64
82.76
21.62
30.6
0
11
65.76
66.96
72
56
76
0
2
77.14
75.15
13.35
75.96
70.87
91
68.75
95.42
16
64
21.42
9
35.45
81
47.87
42.58
65
31.22
47
63
4.82
19.36
52
60.23
63
5.21
31
78.3
48.32
86.58
5.87
13
97.19
58
99
58
7
9.97
87.07
47
48.5
55.77
86
94
81
32.99
7
12.26
52.33
31
34.27
32.11
15.3
57
92
99.65
17.71
26
31
85
74
34.48
51.4
90
99
80.11
15.62
9
53
37
76
30.67
79
17.41
21
67
35
18.25
0.59
36
35
77.19
83.88
32.78
35
69.06
80
56.28
51
5
99.05
7.87
82
63.21
24.29
26
38.75
55
51.28
79.29
75.79
71
13
93.01
51
60
80
62.07
99.09
55.68
4.48
6.34
59
42.1
17.75
80.98
14
60
16
52.03
3.22
1
12
26.34
55
96.94
45.37
18
42
9
34
34.12
1.79
83.88
39.08
47
47.29
42.07
61
40.97
54
31
47
95.45
3.95
86.34
12.58
31.35
88
3
74.02
73
49.96
52.5
65.77
84.51
78
52
15.96
88.25
97
28
22
61
70.82
78
91
53
51.17
69.91
90
44.16
80.81
58.63
42
73
13.07
27.87
43.64
37
98
18.41
46.31
55
68
48.54
38
99.1
96
60.04
87
2
73
98
1.8
26
96.72
20
17
17.1
83
57
99.23
74.85
14
87
95
95
22
9
56.19
42
39
24.26
89.92
75
89.2
31
55
47
15
9.08
56.62
27
12.28
18.4
26.99
38.39
80
83.98
89.69
25.34
1.99
57.24
44.29
30
35.5
8.82
4.09
5
39.44
88
20
90.2
8.45
86.66
8.1
50
17
16.78
83
97
37.42
8
15.35
89.28
45
46
74.2
37.58
31
88
51.6
45
1.01
49
88
25.25
62.4
70
42.64
90.3
91.85
19
90
58.4
87
45
44
43.14
71
44
33.29
29.82
30
79
99.29
51.24
11
9.73
56.71
20
62
88
18.38
43
47.12
61.55
88.62
19
97.61
90
7.53
8.1
34
28
39
49.18
84.66
93.06
39.08
64
20
46.22
26
22.61
84
0
2
75.48
24
57
36
13.71
97.37
93
50.18
49
5
7
70
69
61
81
53.54
36.32
31
57.01
75
87
55
97
84.37
27.49
83.27
6
88
67
82
37
18.34
63
39
98.36
22.21
44
29.35
10
37.39
82
34
15
6
65.97
9
91.04
38.01
16
13.27
76
5.83
86
98
27.58
36
89.26
24
91
88.72
12.07
90.79
22
73.09
30.0
86
53
95
91.08
59.91
76
46
8.68
70.92
66.84
22.99
9
31
70
91
39
42
93.81
86.33
9
69.16
95.22
40.52
56
75
4
62.47
9.9
76.18
34.67
95.66
4
84.19
91.25
8.42
73
74.53
22
3
70.84
91.83
3
49.33
68
71
19
39.91
76
76
7
78
72
19
73.94
70
7
27
98
65
93
91.98
31.01
88.21
75.21
80.27
93.02
68
50.12
65.14
59.32
98
57
26
7.1
98.56
41.01
31.65
15.04
75.0
28
65.88
10
9.1
53
80.03
23.81
20
66
95.4
83
13
72
72.94
8
25
88
90
89
75.16
40.68
55
42.88
51
74.71
94.38
32
64
31.13
5
50.04
95.07
78
0.83
18.19
77
5.09
17
92
79
16
50.44
43
10.39
89
46.08
59
82.26
68
70.15
54.99
60.71
7.99
98.85
40
8.61
46
60
33.49
59.01
40.37
17.38
93
80.33
54.93
61.74
45.77
34.65
26.88
25.22
25
79.18
12
14.1
49.08
36
17.86
40
34.39
15.53
45
32.14
21.57
3.48
65.3
17.48
12
64
1
27
75
69
43
57.7
2.16
37
59
36
86
14
33.57
43
76
43.64
9.5
9
80
41.54
83.68
17
49.78
74
41
92.53
39.44
22.9
9
69
48
37.84
32
14.15
18
97.25
65.47
85
64.03
75
22.97
9
52
37
81.88
92
72
35
36.98
47
99.2
14.7
79
9
36
84
39
16.32
71.12
77.59
94
20
6
59
58
25.18
11
7.69
0.22
10
50.17
94
93
98.06
59.24
1.26
52.83
82.0
69.32
81
40.04
38.55
66.88
50
46.86
11.7
55.86
42
0.1
90
19
34
20.18
49
38.57
54.96
64
55
76
87
7.64
79
39.53
64
46
24
1
33
89.79
88
27
42.85
0
53.33
63.66
60
54.13
2.35
45
46
68.42
52.63
48.13
14.32
27
62.39
63
29.58
33.44
55
5.86
15
40
13
12
38.66
55
63.78
18.51
23.87
67.77
14
58
80
85.45
52
57.49
95
50.08
47
45.86
11.09
30
54.8
81
55
26
81.95
49.04
21
76.03
65
46
99
22
55.53
35
99
99.01
81.9
42.83
22.34
80
98
82.09
51.56
19.46
80
72.76
14
75.56
93.14
44
75
86
10
44.61
79
52.14
10
70.01
62
81
85
79
9.48
1.38
57.11
23.37
74.24
82
68.13
19
88.2
61
86.09
92
67
96.5
55
10.91
2
29.49
18.1
69.46
92.6
90
10.32
79
64
14.72
55.5
78
68
47
84.42
43
50.63
1
40.43
70
92.85
50.99
10
15
84.02
23
25
39.92
82
18.68
62
69
63
18.35
54.02
15
59.98
91
47
53
29
2.39
36
13
26.17
21.46
33.48
98
22
50
59.71
96
47.94
75
66
59
12
48
64
23.59
42.02
78
20
62.59
14.82
62.29
27
46.56
57
74
76
39.99
93
16.97
92.45
99
8.23
79.54
9
19.93
23.67
80
59
5.79
47
24
29
44
63
92
97
79.97
7.49
48
48.73
87
84.7
63
61.64
45
85
99.56
9.61
3
40.42
29
35
83
58
2.82
10.42
86
34.61
96.62
3
40
49
59.07
98.63
39
59.68
3
55.5
65.08
2.97
48
70
89.4
54.67
90.27
48
83
86
2
25
79
72.69
62.03
2.1
68.06
41.18
66
67.54
43
44
33
0.59
58.66
91.33
88
5
47
92.78
45
55
79.54
82
3.52
83
99.29
59
28
44
30.73
46.64
78.19
9
77
61.86
73.33
49
53
72
10
40
31
26
88
75
66
81
31
28
97.73
73
27
83
90.0
40.35
44
27
24.74
22.99
21
82
27
17.92
3.69
31.36
87.4
58.64
91.58
60.66
83
5
72
92
47
30.05
58.4
10
43
1.68
56
49.21
96
84
28.24
87
91
76.61
82.9
40
56.96
67
53
12.51
67.66
37.44
22
46.97
57.07
26.77
57
88
54.69
34
68.13
2.36
14.67
55
86
15
37.38
23
4
13
55.59
73
13.12
41
28.56
73
19.17
61.61
63
22
10
10
87.61
59
69.7
52.46
37.52
87.17
44
80.29
1.96
39
25
7
81.76
37.97
78.7
19
46.68
79
89.12
0
21.76
18.64
45
83
31
47
90.27
79.09
88.08
1
37
37.78
49.35
24.55
98.08
53
82.24
57.72
93
59
73.29
19
38
29.31
58
10.63
60
56.85
27
1.7
56.26
99
48.0
60.94
76.95
76
64.77
78
4
0
37
76.78
50
39
40.21
70
47.19
11.88
83
24
95
63
18
59
51.35
19
99.43
95
28.53
69
27.23
17.65
98
22
20.44
87.67
57
28.47
57.14
51.24
98
34.57
22.81
69.27
95.12
11.17
80
11
94.64
15
2
89.88
90.78
38
82.35
5
75
93.7
13.54
74
40
97.0
45.08
87
51.86
94.97
51.62
19
98.12
57.04
61.13
25.07
4
20
21.87
50.65
90.65
7.5
76
78
88.48
82.41
40.5
34.94
5
30
77
1.83
61.23
43.88
89.04
26
18
85.94
18.01
92
11.66
86.09
99.64
94
15.16
44
62
69.09
47
54
78
27.22
13
73.95
58.22
4
75.1
29
18
11.5
68
21
68
88.52
34
25
32
72
18
32
6.75
24
5
7.69
72
17.89
58.29
41
10
5.2
84.31
83
79.49
57
72.45
54.87
46.51
76.18
32
56.41
46.38
44
5.02
41.54
86
6.07
72.77
16
75
70.55
0.66
0.77
51.43
42
7.98
75
98.34
38.57
77.03
12.21
99.49
71
17.07
36.66
76.86
0.53
95.73
38
47
25.08
5.33
18.29
3
49
87.88
44
94.24
91.61
72.38
61
15.9
32
84.65
74.02
40.15
79.58
30.99
94.43
5.85
15
81.79
92
66
51
72.81
98.34
22
51
97
10.27
96.34
65.81
28.56
56
34.77
69.2
84
0
58
99.66
17
70
85
74.58
96.19
84.28
23
63
11
93
17.66
0.58
70
44
34
32.25
19
25.11
72
64
93.97
24
4.43
62.01
78
65.37
4
59
34.45
12
18
52
70
96.82
29.01
47
8
3
62.46
83
91.03
78.53
11.97
49.14
7
90.01
57
75
17.4
10.8
10
93.06
30.6
51
90
18.74
5
17.71
2.13
41
99.73
93
90.05
16
27.77
23
7.17
98.29
53.83
32.65
47.59
57.97
77.15
55.32
18
80
29.05
93
83
42
67.46
23.43
45.83
64
15
84.34
47
37.24
50.19
5.05
65
27
56
55.1
51.75
23.36
50
15.96
88
94
21.36
50
61
65
36.5
54.28
53.62
80.79
27
23.09
10
46.77
60.41
4.08
17.41
97
18.56
60.22
65
30.74
62
50
82.19
36.72
51.54
29.38
62.44
28
20
29.32
15
93
85
36.61
87
0
65
9.73
65.3
56
40.36
17
0.23
31.7
45
17
56.78
65
71
43.81
88
34
80.02
83
82
20.44
84.28
19.11
29.92
27
52.72
68.1
11.16
24.1
92.1
84
90
54
46
2.32
19
67.32
64.79
11.79
25.28
75.24
61
20
24.26
0.02
91.36
78
0
94.06
36
10
95.14
68
10.68
45
92
51.16
70
82
73.8
75.21
2
77.22
21
24
33
5.05
76
90.7
32
30.55
62.66
27.52
34
29
89
13.48
2.44
69
88
48
48
1.04
6
22
43
23.3
45.82
4.52
21
47
22
63.97
2.62
91.62
77.5
95.59
77.15
0.88
76
56
13.33
7.97
31.29
35
35.88
70
63.28
62.56
46
56
83
51
48
4
36
38
23.58
57.3
97.04
68.59
24
62.34
81.69
42.58
71
9
46.6
39.24
26.28
53.75
73
20.17
1
35.95
83
3
48.95
57.62
59.91
29
71.33
21.63
21
24
72
69
80
0.44
70
82
15.45
29
56
12
72
7
11.69
80
96
15.33
67
14.43
37.29
60
78.78
61.78
44
85
46.53
63
33.65
55
45
48.18
76.8
63
51.26
67
58
2
85.39
94
28
21.3
12
53.19
23.92
6
96
33.03
44.96
6.86
75.13
58
18.4
28.81
48.89
32.34
0
28.56
64
34
21
77
3
55.87
79.54
16
91
75.27
22.49
60
33.73
99
69
76.95
91.93
40.92
99
12.95
11
15.68
9.68
62
43
96.52
93
50
58
0
35.22
65.27
41
84
69
17
14.74
93
11.78
33
48.3
51
15
4.27
14.24
55.96
54.7
43.84
88.16
12.95
26.72
69.22
0
16
10
31
3.5
66.46
15
50.44
61.39
49.51
72.71
52
60.67
60
24.75
16
48.62
52
45.15
73.87
63
44.95
79.98
25
89.0
0
32
38
22
75
4
51
11.01
89
39
87
32.46
87
97.36
6
43.28
48
9
94
24.23
28.86
5
55.98
29.62
44.94
30.81
40
32.32
3
80.52
69.44
90.76
35
45.01
95
47.62
79
80.71
26
94.89
25
81
17.48
37
35
33.41
85
99
50
48
25
76
29.37
49.78
53
48.46
37.05
19.51
10.57
29.25
0.67
45
0.0
79
2.14
58.1
88.98
65.98
15
78.97
26.95
25.97
27.72
24
72.87
91
91
42.04
89.65
54.49
78.5
26
99
48
99.43
91.32
56
53.76
73
76.64
5.5
21.95
12.64
39.65
83
10.65
27.6
53
37.31
97
17
40.44
59
5
52
17.21
94
19
65.6
43
58
78
72.14
2.1
1.71
64.79
97
95.7
54.05
25
12.65
9.21
34.3
7
49
15
41
67.34
81
68.36
36.75
99
33
88.59
54.7
72
70.51
87.36
5.15
4
46
38
10
63
90.55
51.73
64
0.94
46.81
28
70.3
66.38
73
67
37.22
56.27
64.49
94
23.65
95.06
32.65
53.21
55.36
57.78
95.77
10
55
18.47
87.28
29.46
78.27
64.65
15
2.39
8
34
70
75.93
48.21
62
8.95
7.57
98.47
37.42
20.13
88.75
42
96
45.94
41
78.23
47.36
92
50
25
33.06
53
45
89
3.59
15
46.02
49
15
99.26
36.56
18
77
85
53.44
5.27
23.99
62
97
66.67
65
3.93
34.97
78
23.19
36
54
47
43
48
1
51
10.02
93
31.57
66
2.97
95
22.22
2.3
28.82
46.11
31
86.75
77.42
79
60
62
86.67
55
54
33.48
59.95
22.78
94.76
0
84.87
64.37
97.04
35.34
33.03
28.64
76
98
30.37
79.51
37.66
71
98.38
35.08
97.23
94.73
99.91
8
69.85
56
70.61
97
74.01
54.1
40.86
33
39.65
75.99
43.34
77
95
29.74
78.12
59
83
14.88
75
68.23
33
18
10
33.85
4
70.46
34.11
62
45.16
65
38.57
67.94
87.83
55.6
62.25
6.09
28.08
74
24.92
26.78
85.28
98.79
91.4
45
49
90.42
0.81
38
17
21
77
1
88.93
64.31
31
22.64
84.65
90
30.09
58.73
18
67
98.22
1
61
81
95.11
9
26
45
16
79
74
78
65
26.62
68
8.15
74
59
95
90
2.88
95
15.41
77.75
71.32
13.14
39
73.23
88
91.9
22.65
46
31
88.82
11.67
33
28.95
8
56
21.46
30
20.17
49
0.06
51
76
46.91
77
36
8
57.81
1.84
61.73
52.16
93
33
51.23
73
8
49.55
92
14
62.73
6.59
36.4
48.1
96
58
46.05
44
13
6
42.33
4
79.62
47.62
64
28.49
90
74.4
63
16.66
27
82.43
28
5.08
71.28
23.29
29.29
5.86
17
4
25.83
92.54
43
12
52.97
27.31
53
69
17
64.75
5
37
75
26
80
38
13.07
64
35
91.95
23.03
14
12
82.13
26
59
10
11.99
3.5
25.94
36.6
31
42
51.35
40.86
6.47
63.22
3
78.67
80.44
87.59
57.75
34.2
50.41
45
9
35.81
21
12.87
55
69
51
79
95
76
33.62
61
25.54
23
44.99
14.39
64.89
49.23
86
79.57
80
62.42
83
25.34
82
83
11
71.75
35
77.76
21.07
71
75.11
95.76
88.83
2
96
51
57.11
53
16
64.7
10.87
76.4
3
49
55.03
11
70.48
62
14
59.56
92
67.82
15.43
13.7
53
89
10.46
35
98.62
42.85
71.52
59
40.98
4
38.28
42.42
79.1
62
22.63
20
45.78
58.79
85.63
8
30
84
19
99
34.9
2.43
93.0
97.11
79.48
51
89.71
3
86
43
21.16
32.97
12
20.68
43
81
43.78
51
74
10
11
87.02
28
81
90.14
66
38
19
3
50
63
73.33
94
70.39
50
70
77.97
67.86
3.41
73
52
90.69
32
57
76.44
19.17
74.56
25.56
47
6.38
74
72.8
18.8
86.04
10
19
50.27
74
42
70.3
34.65
36.73
6
49
16
48.86
45.51
99.6
80.37
82.0
74.64
77.37
58
7
83
38.53
61.79
66
71.0
24.31
0
83.37
49.65
54
27
20
36
26
68
71
29.45
90
91
28
36.16
27
81.41
88.36
69.18
15
82
38
28.11
10
73
44.85
30
37.65
64.44
35.2
5.78
81.15
35
49.1
96.89
66.51
91.16
12.69
96.62
18
56.38
49
87
37.73
89
60.94
63.07
7
86
39.81
6.87
48.41
47.66
62
25
64
90
34
72.45
33
87
20
14
43
79
61
13
84.79
99
77
11.72
13
27
56.02
34.4
58
10.15
76.24
2
13
36
72
9.34
45.39
55.36
10
75
99
7.98
21
41
24.89
21
98
31
68.15
57.9
24.8
49
65.93
69.72
8
87
69
20.9
64.03
44.22
7.45
48.74
47.28
10.99
99
5.9
20
29.52
62
31.7
10
62
82.13
83.48
23.53
15
52
44
59
67
8
6.59
58.19
77.32
38
48.22
17.83
80
16.81
31
20
68.87
39
31
57
55
87
22.42
89
64
7.71
17
59
19.2
79
26.89
19.02
54.83
87.99
67
62.3
99
81
41.75
59
3.44
6
62.0
50
83.34
65.85
78.58
96
16
91.59
66.04
5.02
35
85
79.57
7
14
4
71
88.71
15.62
56
38.3
72
42.05
88.18
45.13
93.1
98
64.71
84.43
87.04
80.77
4.33
11.94
87.98
47.29
95
18.87
50.77
27.3
86.18
55.71
51
83
61.67
52
13
54
32
93
23.23
83
35.71
34
99
18.29
53
51
16.07
67.36
44
38
68
9
81
92
99
61.89
25.12
97.96
86
42
49.12
40
30
81.33
48.96
49
48.85
57
85.06
18.05
44
73.62
41.85
4
25.35
99.54
23.25
97.19
87
98
52.68
80.66
46.0
38
37
56
45.77
12
39
31
11
61.57
79
93.4
24.5
50
83.78
41.14
58.72
93.92
57.6
25
11
85.55
61.99
32
18.71
64
89.15
83
31.7
97.98
82.44
26.88
20
30
87.56
80
76
63
11.49
0.76
59.0
50.86
18.01
60.39
18
4.88
22.96
61.29
6
18
72
3
92.11
28.11
47.05
6
31
98
26.06
57.95
84.95
34
49
37.48
84.6
76.79
81.68
30.6
25.58
22
9
64.61
98
59
9
47.01
82
60.78
70.75
19
96.7
88
10.14
71
88
51
91
81
5.7
57.46
33
59.78
81.61
67
97.9
81
28
93.67
17.1
48.35
90.55
7.47
94.81
73.68
55.84
74
75.06
5
96.85
37.12
63
3
46.87
18.49
42.84
91
61.04
72
33
46
50.47
20
11.09
76.52
58.71
62.23
11
89
66
48.63
73
46
93.28
41
92
70.63
26.82
72.69
31.61
25.26
71
47
49
8.23
58
61
39
38
12
80
11.88
95.64
23
84.68
22
93.87
41
44.86
18
90
8
77.55
71.41
63
43.17
64
73.9
89.31
60.29
67
65.85
0.23
84.49
3.05
13
6
61.88
71.14
54.04
5.77
26
48.92
25.36
95.32
30
79
25.8
81
83.76
5
71.12
69
84.86
98.17
4
20
21
75
25.83
31.34
12.64
99.39
81.15
53
8
26.42
8.56
19.5
47.34
27.4
69.16
86.15
34.38
64
53.6
45.3
91.28
90
93.62
19
76.07
63
11
60.99
1.12
37
97
38.34
43
54.23
46.14
29.38
86.27
97.4
29
38.46
76
35.78
40.71
86
46.33
12.7
61.1
68.95
24
90.44
76.71
81.11
17
94.65
96.28
92
9
66.18
59
38.06
64
50.57
88.7
97.53
76
70
32
57.72
10
28.55
46
98.0
26.78
89
69
97.44
15.73
5.48
89
27.0
9.01
17
82
2
58
8
87
88
21
52.19
61.05
78.43
96
39
85.22
6
24.28
54
86.08
22.42
95
77.44
47.32
65
52
15.52
39.76
99
76.48
63
7
4.32
25.93
49
13.02
90.91
4.73
23
70.62
52
49
75.45
10.63
15
78
75.04
42
71.08
91.12
1
96.84
58
82
17
87
38.31
24.51
22.68
80
89
85
66.86
88
13
70
67.91
62
91.46
64.84
37.89
52
95.23
31
46
27.39
87
15.18
14
51
75
1.39
15.97
95.2
28.21
76
86.19
49.65
13.25
53.08
15
61.6
61
27.9
95
87
92
43
90.57
84.38
4
49.99
68.42
86.28
7.95
50
25.67
9
87.05
71
31
77.75
61.89
43
55
1
55
90.39
7.39
93.0
58.84
9.56
4.06
19.11
10.84
50
8.16
91.67
32.07
85
51.76
44.98
79.96
2.87
20.22
45
2
22
18
7.62
37.13
9.6
6.6
86.49
83.25
0.82
50.1
8.6
73
68
45
83
43.5
14.31
44.5
3.42
35.33
38.54
73
14
47
99.4
13
73
91.69
94
32.32
22
23.28
2.02
82
48.68
75
92
42.1
10.4
88.91
99
51.3
59.06
74.7
75
63.41
71
50.18
2
54
31.36
92.27
19
95
67.02
14.0
19.68
81.88
49
47.21
84
95.76
20
31.29
59
14.59
51.5
13.16
51
76
91
62.72
79.87
50
96
4
9
12
26
1.55
84.55
35
77.55
8
7
83
32
85.19
33
29.67
72
71.28
39.76
60
7.59
22
96.08
36
18
71
6.63
61
39
80
10
97
33.31
20
41
12
2.11
25.34
66.32
43.01
6.75
37
48
87
17.25
42
99.75
13
11
95
90.93
23.97
75.24
48
46.54
54
98
95.34
68.32
95
85
36.24
95.63
28.07
93
77.39
8
65
87
6.83
19
19
30
63
2.42
24
53.45
97.85
96
46
43
49.29
26.92
42.28
62.16
91
36.75
26
45
36
61.4
97
15.33
29
76.24
34.75
34.68
92
72.68
15
63
78
82.62
92.89
0
80
38.73
29
79.07
59.3
50
12
73
11
70
80
72.47
2.33
16
94
12
62
70.79
69.56
94
17.74
44
71.5
64.76
95
13
6
40
98
65
96.0
86.15
20.49
40
40
25.29
84.14
32
8
92.52
48.55
37.74
94
51.15
1
95.99
74
34
65.29
30.11
34.98
83.98
99
51
17
44.18
15.67
84.75
53
32
41
19
65
92.45
67.24
41
88
73.55
3.57
30.59
63
58
71.44
5.7
83.41
84.0
98.39
59.41
67
97.38
51.96
12
93.05
63.79
52.83
68
82
66.7
89.75
6.62
22.16
63.2
47.8
5
63
41
99.26
85.2
81
96.25
38.5
82.06
61
28.22
94
15
11.99
55.91
85.85
23.12
65.02
97
35.21
47.46
1.84
64
38.76
98.38
17
76
25
87.35
21.95
29
46.72
4
78.66
81
51
7.22
44
25.62
65
52
0.99
26.27
66
31.1
29
72.13
80
37.9
86.12
79.16
42.53
36
8
91.25
0.26
43.11
78.83
21.54
84
82.74
22
56.87
6
76
12.42
13.2
95.24
68
43
65
81.8
28
81.57
28.87
39.43
6.44
30
8.67
93.7
10
55.41
6
50.23
82
19
8.1
73.94
4
44.55
5.39
27.81
12
6
81.27
53.0
58.61
63.42
3.67
71
5
21.02
87
2
52
37.51
41.38
10.98
75.68
98
40
44.93
45.8
21
73.95
18
64.66
71.88
47
27.38
84.5
13
75
61.29
84.47
68
96
24
24.85
56
22
81.13
26
55
87
34
26.04
46.92
22.1
81
34
29
32
93.42
62.33
33
36.51
14
77
18
60.66
20
38
0.38
5.2
72.84
4
60.19
84.89
94.83
40
60.21
32.21
25
29
82
18.66
70.97
67.64
12
54.07
61.89
69.95
35
34.19
78.58
14.14
21
31
87.63
29.94
38
12.04
98
23
86.45
0
76.52
48
99
38
64.87
29
94
99.55
99
67
94.96
48
21
31
26
90
95.47
12.32
87
48.83
15.44
77
73.27
77.35
83.19
26.13
31
81.57
21.9
31.08
18.48
22
35.31
80
11
79.93
63
77.61
14.6
47.59
19
30
98.79
86
95
31
91
41.78
25.44
70
82
46.94
68.8
1
59
40.61
69.32
71
73.04
67
18.87
86
10.97
53.08
92
13
55
85.38
83
7.07
38.21
81
99
71.35
30
26
8.82
51.05
36.3
86.82
41.95
39
0.66
13
33
72
76
76
23
14.19
11
55.3
96
10
30.84
38
49.84
43
98.35
2.86
81
26
64.24
15
96.75
64
26.88
14.83
57.0
14.92
39
35.21
8.02
66
12
63.07
25.37
59.89
42.58
57.6
75
44.54
33.85
34.48
85
32.76
53
88.62
17.54
35.02
81
92
19
20
34.64
94.35
60.11
54
19
63.74
86.48
85.24
40.81
25.41
54.82
9.52
90
6
81.82
38
44.56
37.52
63.47
37
21
41.96
38.47
2
8.43
66.99
90
57.24
67
14
27
23
9.23
0
70
58.2
90
98
16.9
1
20
74.23
16.33
45.29
16
64
38.62
11.26
30
39
86
16.23
28
19.48
45
51
69.41
82
66.0
26
75.51
12
28
46.47
7.49
53.42
85.67
15.37
48.27
44
42
86.08
21
28
66
75
12
60.63
41
59
53
70.55
70
49.86
95.83
42
92
58
96
54
32.35
12.62
43.28
26.38
24
65.25
38
2.41
10.13
12.4
88.33
79.46
27.15
41
91
79.27
47
84.65
32.94
28.45
94.46
69
28.29
33.78
10.6
80.14
12.46
89.79
43
54
95.74
79.22
64
9.17
64
88.43
22.72
65.09
34
57.51
31.28
91.52
57
86
3
45.08
88.69
28.72
74.16
80.29
82.84
76.68
15
62.67
89
21.44
80.05
50
27.08
29
21.33
31
96.44
9.17
10.23
47.07
75.73
79
23
31
94
4
11
76
37.9
15.3
38
52
73
88.92
56
55
20.24
67
16
61.83
65
14.88
43.92
18.71
12.01
72.58
24
75.0
22
98.0
0.24
76.89
2
78
9.83
11.93
55.21
88.18
54.78
33.33
81.68
85.77
5
60
96.0
40
59
93
34.87
57
75.9
33.14
57.61
0
55
58.18
66
15.97
33
75
40
34
54.71
52.0
6.4
89.79
35
17.97
42
10
95
57
99.87
56
54
17.94
16
68
5
97.01
26.87
97
8.11
83
55
30
14
18
15
20.47
67
36
68
56
43.5
97
50
65
62.96
21.62
80.74
90.48
85
2.69
61
20
24.75
74
57
63.14
17
85
91
8
36
70.38
95.15
19.53
8
12
81
67.29
19
28
4
67.51
77.73
59.98
22
79.28
36
41.23
57
29.1
90.02
62
78.77
78.41
90.37
98.68
97
14
22
93
65.33
67
47.51
44.93
86.85
30.73
13
46.84
96.15
66
65
35.33
72.16
19.06
43.39
56
12
71
5
16
24.6
25.96
18.36
92.36
11.16
4
58.72
55.04
28
16
8.07
91
32.49
29
68.79
97
88.03
67.28
58.97
20
14.35
81.98
57
49
43
49.54
87
73
70
78
44
51
19
81.81
85
19.92
27.63
39
10.28
38
3
97.31
34.53
71.11
25.47
97.62
69
96.67
70
87
24.14
95
23
67
8.23
57
95
85
46
40.92
65
41.3
4.84
25.47
77.04
47.5
50.09
21
91
57
11.33
54.96
29
33
9
54
1.85
39
18.61
82.17
55.31
64.8
7
34
91.34
34
98
35
64
33.78
7.42
81
95.41
35
18.21
68.44
40
24.95
36
42
89.3
76.62
2
19.61
83
1
47.19
9.56
0.35
65
27.14
65
0
64
60.66
94
69
93.99
60.4
88
84
54
25
98.28
20.11
38
11
2.99
44
52
7
64
72
79.93
64
87
79.8
76
52
5
99
98
74.9
24.04
57.68
42.49
60
35
50.13
85
99
24
91.88
44
26.42
96
77.68
4
73.38
75
98
88
91
67.34
81
42
38.0
83.3
86
1.63
45.04
52
41
11.78
19.58
89.93
14.57
37.68
48
78
52
5.49
20.13
16.02
68.03
26.07
18
12.72
26.61
9.33
39.44
62.03
70
22.9
73.31
33.15
94
72.05
66
26
28
77.09
54
77
7.04
6.62
8
1.5
62
90
67
8
49
65
56.93
72.15
5
80
82
4
54
61.75
45
54
33
38.96
71
87.42
94
0
0
60
77.8
7.96
40
65.85
56.05
32
18.86
61
5.3
25.27
47.34
36
49.55
24.64
97
44
56
43
39.29
95
45
44.18
21.64
64.25
36
0
89
36
76.05
28.14
24
47.76
60.29
52
85
2.5
36.26
9
9
1.41
15
46.29
18.12
94
15
95
27.81
26.91
2.32
33
92.25
31
88.05
70.74
29.63
96
85
78
72.79
52
40
24
77
35
95
57.58
91
39
87.87
34.64
67.61
48
91.47
56.28
6.09
49.22
78
76
81
11
78.33
92
79.08
76.31
22
25
72.37
90.21
29
40.94
76
71
76
44.83
58
87
68
48
15.97
41
5.21
8
70
1.73
12.89
22
36
83.22
67
17.64
24
19
87
7
68
4
71
94
70.32
14
38.27
74.74
75
23.28
62.02
64.56
25.19
71
43
23
68.74
26.69
76
69.64
4
98.97
35
90.92
63.23
71
81.27
82
92
86.28
95
12.6
12
76.97
52
90.73
15.14
74.5
69.69
51
96.37
70
34
49
41.15
80.28
24.65
27
30
38
13.14
94.12
99.57
93.43
21.28
41.84
93.28
43
45.4
61
35.7
11
98.53
51.48
16
7.41
34.36
17.69
84.24
71.15
10
93.85
48.63
92.5
1
27.55
31.2
8.89
80
47.97
82.39
99
38.45
66
30
79
16
6
4.25
76.44
14
22.98
8.02
13
89
28
25
11
6.22
40
84
42.81
28.87
53
60.28
36
59.83
98.84
46
62
98.49
41
76.89
79.16
9.73
97.44
70.4
65
97
99
12
96.82
55.92
45
81
8.19
58.41
53
8
87.23
81
20
41
4
30.29
65
80.17
44.76
66.33
36
66
68.5
43.14
31
21
10.22
79.98
27
78.04
37
86
14.04
22.63
82
24.71
17.72
8.15
43
86.39
50.21
65
78
81
19
83
48
56
27.43
58.27
10
27
56
8.66
26
84
97.47
27.23
19.91
47.27
53
99.88
74.47
21
21
57.09
23
84.65
46.32
78.9
76
67
66.83
41
66.5
65.29
24
12
38
22
94.41
15
31
96.39
6.76
41
61
1
88
59
32.79
83.24
95.18
94.04
76.49
18.26
8
44
6.08
9.58
21
41
87
79
38
63
21.43
4.1
78
75.55
39
40.39
31
86.4
63.49
37.37
21.35
67
52
40
21.21
79.89
36
2
72
94.12
51.43
44.74
52
17.44
67
80
93
21.89
37
75
33.34
4
89.56
21
59.14
53.35
79.53
30
63.84
33.04
76
97.13
86
4.16
90.39
0
23
16
91.51
76
26.49
51.78
54
0
31.55
69.09
6
22.27
70.28
55
13
14.73
86
71
75
48
44.73
10
75.63
57
83
56.33
36.63
22
60.67
22.37
48.4
98
7
80.87
60
47.25
70
96.37
4
16.51
95.25
20.52
92
13.17
63
92.75
22
25.87
68
52
1.54
43
89.88
21.02
38.34
23
43
42.51
70.18
35.49
77.26
73
56
75
31
6
33
0.73
26.06
28
6.72
49.49
26.07
67.3
75
98
90
83
67.04
95
27
28.86
73.25
93.63
38
73.31
0
83
15
66.36
46.01
68
35
16
76
29
34.46
74
35
12.98
18.81
7
7
35.44
36
27.97
46.76
45
85
82.73
8.38
11
62.94
96
7.7
53
8.83
18.77
62.85
1
7.72
0.84
94.55
64.57
8.21
13
81
58
57.16
65
91.25
78.0
12.29
29.95
10.81
55.01
99.16
12.55
73.39
31.21
29.26
69
52.76
35
57.43
77
71
10
8.63
21
25
45
25
26
84
44.74
11
34
75
20
65
45
89.76
19.76
58
68.43
67.09
8.1
13.09
57
90
5
35
47
34.46
69
40.07
4.91
16.33
55.02
26
65
83.74
39
42
5
30
60
42.81
3
87
23.48
74.37
0
8.14
87
76
94
66.64
6.39
55
45
67
45
28.89
87.34
5.74
23.63
86
68
80.66
49
30
74
66.49
21
0
82.58
44.09
71.28
41.38
61.95
27.48
5
2
72
20.82
93
88.66
52.95
35
91.13
74
68.19
14
75.03
52.82
65.12
51
42.6
35.86
66
59
33
10
77.43
91
72.35
51.28
9
46
30.18
86
58.76
46.4
55.14
66
25
25.8
95
32
75
84
19.77
72.16
3
69.69
64
16
69
57.99
69
58.2
48
93
6
52
52.93
88.05
54.78
7.15
98.96
41.66
15
56
83.28
66
33
56.5
86
41.33
42
67.35
44
61.21
2.22
20.2
98.97
41
35.05
23
69
64.75
45.19
70
85.67
11.67
34.66
82
20.66
3
91.5
72.19
10
75.81
15
65
44
16.47
29.35
67
8
77
96
89.32
30
88
45
7
57.1
11
28
94
7.92
73
68.51
63.87
10
96
25.84
72
89
54
53.58
3.96
1
30
58
41
78
68.28
50.31
60
6.48
49.03
47.68
51.53
37
67.99
95
62
49
70.38
21
62.45
33.45
75
29.68
28.14
7
84.35
99.59
58
90
9.74
26
0
86.48
95
70
22.92
21
14.77
73.49
91
85.0
34
30.24
5
6
41.93
93
96.8
70.38
57
97.42
46.61
21.32
0
74.48
42.89
32
28.17
10.06
30.11
27.74
32.67
28.76
93.73
40
47
23
3.02
15.27
42
75.11
38
79
43.47
65.89
35.38
63
57
69
11.99
39.99
14
61.71
81.98
71.53
73.94
92
56
23.28
44
48.1
43
14
52.23
17
91.17
90
84.31
80.22
4.78
87.65
23.94
73.75
30.44
46.52
4
95.4
75
67
29
86
74
81
6.08
69
8
40
83
8
0.13
18.09
71
75.46
32
7.89
57
75
12
28.8
97.19
64
60
3
32.23
50.91
1.19
69
79.31
57
50
87
51
0.8
82
79
61.2
22.29
28.3
59
3
5.99
81
48
36
36.68
45
44
68.38
90
34
40
42
32.82
22.06
87.71
13
74
4
90
26.76
85.55
51.87
31.45
9.19
46.24
92.3
75
26.61
69
74.79
77
5.41
26
7
18.43
6
3
14
49
13.31
27.91
19
43
84
68
60.11
14
85.84
7.2
8.57
75
81
79.31
83.29
66.28
13
59
48
67
53.62
76
69
78
5.83
24.41
85.47
2.65
64.22
19
79
38
71
16.76
37.9
74
76.12
52
26.6
46.43
63
99.12
26
57
70.37
12.27
3
41
20
64
32.08
12
91
13.75
68
46.37
11.28
6
8
96.05
98.87
29.87
6.08
54.77
11.97
85
93.46
90.24
4
39
60
58
88.96
98.33
96.97
28.96
71
3.87
49
5.41
9
11
70.83
51.66
98
0
32.01
19.72
33.35
59.34
47
74
56.38
68.51
23.13
27
20
92.34
31
70
48
23
45.59
81.43
32.54
35.75
64
73.45
90
77
28
59
57.89
17
89
97.37
43.02
91
75.15
5
37
35.71
73.2
36.12
42
39.95
19.13
28.84
87.46
95.69
28.12
61.02
99.14
86.86
19
54
12.4
28
87
91
2
28
75.71
8.47
77
2.09
36
2.55
88.14
84.46
45.51
11.72
23.13
99
12
87
43
22.75
38.82
39
65
70.2
84
81.74
13
76
17
89.17
57
83.12
87
50
36.0
37.29
36.52
64.08
33
0.34
12.8
13
98.65
6
56
49.4
69
91.87
75.5
65.15
58.52
64.52
21
30
94
95.03
64.18
76
2
23
5.29
54.66
47.73
74
66.36
7
77.18
1.59
10.0
49.34
87
40.18
85.7
26.91
14.86
14.3
56.14
90
27.02
22.01
24
40
89
33.4
19
35.35
1.44
80.14
3.23
78
27.41
64.3
19
50.98
6.18
42
61
26
39.68
8
24
30
71.77
54.72
43.11
86
52
89
48
28
95.15
46
94.17
49.57
73.12
65
41.49
23.45
34.94
33
11.69
85.01
3.27
77
8.78
18.28
30
4.1
87.91
54.81
73
19
66.67
54
85
31
26
70
89
20
71.73
81.42
47.31
62
84.84
87
69
96
88
33
71
50
7
84.79
21
44
22.55
51.25
96
65
24.93
34.94
79
11.18
37
27
45.13
88
1.67
57
84
50
60.47
55.25
24
84.34
36.0
51
57
44.67
72
45.52
99
20.94
37
42.9
34
58
86.64
3
21
38
47
45.88
5.04
16
35
70.23
99
34
55.55
53
9
89.58
42
98
28
8
70
49
0
32.9
18.99
24.58
58.15
0.59
2.86
31.2
39
89.29
91.1
43
50.89
55
75
51
66
41
72.96
51.07
30.42
1.74
95
35.32
23.87
21
61.29
0.16
88
97
96.92
10.67
28.49
1.87
61.11
89
61
1
91.85
12.47
55
56.09
36.03
91.67
79
77.85
82
51
24
14
50
19.3
64.09
11.43
26.41
38.73
40
56.21
6.83
54
89.63
35.2
9
53.12
28
30.37
47
6
42
63.42
65
65.87
93.05
13
17
39
20.41
27
37.43
50.17
0.35
53.02
23
5.79
28
7
95.11
3.04
74.95
38
92
5.89
37.26
5
60.29
68
19.16
71.17
10
11
44.6
10
70.93
58.23
74.92
73.93
83.8
3
80
79.81
79
31.64
36.14
55.79
14.1
83
46
30.0
18
85
23.22
3
11.21
12
55
56.47
22
87
48.28
72.91
90
67.56
93
65
55
33.77
34
80
92.84
76
97
57.43
50.75
92
2
95.49
25
57.74
62.93
47.38
5.48
67
94.17
62.02
99.38
0.65
28
23.36
89.33
70
13.18
92.98
35
84.18
34
94.92
60
1
39.88
52.75
4.4
45
76.54
55.51
88.7
68.41
46
16
97
18
24
90.04
94
71.48
30.26
40.93
37
50.49
60.7
44
84
87
35
18
32.83
69.97
98
95
99.57
93
7
38
55
78
70
31.63
8
5
69.94
72.04
94.19
78
57.66
63.56
33
97
46
8
93.87
52
33
83
89
94.4
3.23
99
62.84
77.24
52.5
78.39
87.48
30.19
64.04
84.76
23
8
88.31
68
8
51.99
74.53
66
36.52
0.63
20.6
84.22
96
27.42
59.5
27.19
9.33
62.65
24.17
53.23
58.19
53.63
33
36
88.16
53
98
6
53.91
56.44
98
9.07
85
10.24
97.35
25
49.32
94.65
89.89
59.91
79.11
27.77
5.53
23.31
45.51
64.14
66
56.98
18
41
25
69
23.31
29.08
67
49.15
63
62
94.45
57
38.23
67.15
71.47
49.78
97.14
27.34
36
84.97
36.46
6.69
67
45.76
8
70
46.48
37.01
42
12
94.6
50
12
3
79
84.06
98.16
1.35
15.51
29
65
0.98
26.8
90.41
89.29
0
91
23.32
83.87
22
28
79
23.53
39.05
20
91
88
29
96
56
10.9
77
9
22
4
92
61.42
44.25
84.85
3
69
34
15.41
69.02
41
2
59.65
9
70
64.58
89.05
69.28
84.54
58
16
38.26
88.0
85
64
86
61.23
39
77
49
33.85
75.92
80.58
67.48
84.43
52
42.78
84.35
72.6
62.18
88
38
27.49
81
63
15
8.73
30
98
36
64.22
50.19
88
81.54
63
68.73
34.67
34
18.45
48
11
65.87
13
8.34
7
44.0
0.78
63.44
73.14
41.48
49
42.01
59
79.17
34
43
35.68
23
49.72
2.71
57.26
90
83.93
89
38
10
24
87.35
34.66
0
84.67
17.56
45
59.67
9
38
91.45
52
30.22
3.95
55
23
35
15.37
27
60.8
72.35
74.88
56.61
83
52.1
82.83
94
76.45
83.7
35.33
43
6
28
37.91
86
12.44
74.21
54
72
85.5
16.43
9.5
26